segment,segment_name,wall_time,wall_elapsed_s,sim_time,x,y,yaw
1,B->M,1787379363.4960368,0.0030173799605108798,19.1,5.000613992809945,6.000000106696173,0.0005057414665306433
1,B->M,1787379368.798585,5.305565744987689,23.4,5.00262842844228,5.98737223001353,-1.674084908140844
1,B->M,1787379368.9467762,5.453757167968433,23.5,5.001018518733344,5.974527186400507,-1.7205312348756192
1,B->M,1787379369.148038,5.65501917997608,23.6,4.998730966357431,5.96086548827868,-1.7612448445357
1,B->M,1787379369.169405,5.676385915954597,23.7,4.995861290082401,5.947247083490584,-1.8043143336581005
1,B->M,1787379369.1855779,5.69255857396638,23.7,4.992421939543244,5.933597020288589,-1.8366462268624204
1,B->M,1787379369.3892188,5.896200218994636,23.8,4.98843804600567,5.919844896369623,-1.878173783970009
1,B->M,1787379369.5980024,6.104985324956942,24.0,4.983840973451443,5.906180680337574,-1.919874001182299
1,B->M,1787379369.8064704,6.313452552945819,24.1,4.9786383771801885,5.892592425548273,-1.959745205380721
1,B->M,1787379369.894596,6.401577227981761,24.2,4.9728412061769625,5.879126903937731,-1.99984042392307
1,B->M,1787379369.908073,6.415053903998341,24.3,4.968619476943619,5.870060650020652,-2.0180865940041777
1,B->M,1787379369.9199345,6.426915034942795,24.3,4.964171981809808,5.8609888163790815,-2.042551573609615
1,B->M,1787379369.9924662,6.499448622984346,24.3,4.959468253746683,5.8520125916165355,-2.072261275544613
1,B->M,1787379370.1307015,6.637683133943938,24.4,4.954468274930498,5.843115606372671,-2.1005903065172986
1,B->M,1787379370.268049,6.775030223943759,24.5,4.949193140587817,5.834330039462638,-2.1280055206515742
1,B->M,1787379370.3429732,6.849954181991052,24.6,4.942475651131966,5.823803654575501,-2.1523437443250866
1,B->M,1787379370.4796247,6.986606411985122,24.7,4.933085555472739,5.80976088519213,-2.1705788488358047
1,B->M,1787379370.6176803,7.124662926944438,24.8,4.922229721733411,5.794127682371609,-2.189096243244403
1,B->M,1787379370.7568462,7.263827219954692,24.9,4.911020010012116,5.778670229444402,-2.212539143052368
1,B->M,1787379370.7723284,7.279309122997802,24.9,4.899446433693656,5.7634915542886604,-2.2357223037956295
1,B->M,1787379370.7839715,7.290952262992505,25.0,4.887532686453287,5.748582133695422,-2.2584942504427508
1,B->M,1787379370.7936301,7.300610815989785,25.0,4.8753091903840495,5.733936495096522,-2.278046111109445
1,B->M,1787379370.8027115,7.309692565992009,25.0,4.862783701550319,5.719535853828278,-2.299229759168475
1,B->M,1787379370.9389162,7.4458979739574715,25.0,4.8503419349976715,5.705822060712893,-2.319954069044604
1,B->M,1787379371.0152624,7.5222438119817525,25.1,4.839431621662663,5.694246093877195,-2.33643834043045
1,B->M,1787379371.1523376,7.6593187029939145,25.2,4.828440092568465,5.6830054252011495,-2.358322885420573
1,B->M,1787379371.2906628,7.797643979953136,25.3,4.816861477467718,5.6717197630429395,-2.384158139028969
1,B->M,1787379371.3664756,7.873456774977967,25.4,4.804631354874461,5.660408038270976,-2.4106729382928815
1,B->M,1787379371.5026717,8.009652601962443,25.5,4.792033435267321,5.649357939177802,-2.436969299733369
1,B->M,1787379371.640005,8.14698642399162,25.6,4.778559035418288,5.638157385488318,-2.4629395549694095
1,B->M,1787379371.7165852,8.223566105996724,25.7,4.764254676414111,5.626872902034741,-2.4880512622588795
1,B->M,1787379371.7302308,8.237211693951394,25.7,4.748983567652585,5.615423015959939,-2.512063058369731
1,B->M,1787379371.7414088,8.248389663989656,25.7,4.733438168326941,5.6043262681452415,-2.5347895637660276
1,B->M,1787379371.81423,8.321211642993148,25.7,4.7176538906205225,5.593579919472992,-2.5561113145215
1,B->M,1787379371.8301158,8.337096594972536,25.8,4.701656648284805,5.583165178859775,-2.5758042144772464
1,B->M,1787379371.9676094,8.47459096397506,25.9,4.685468459811158,5.573061721650538,-2.594040155916932
1,B->M,1787379372.0434182,8.550399554951582,25.9,4.6691106926497525,5.5632445740387375,-2.6106319685730193
1,B->M,1787379372.1819937,8.688975566998124,26.0,4.6525985696081,5.5536924560121355,-2.6259250674291117
1,B->M,1787379372.3196068,8.826589149946813,26.1,4.635949057409642,5.544384266850615,-2.6396662848552612
1,B->M,1787379372.457207,8.964189559977967,26.2,4.619178650924338,5.53529720422762,-2.6522628643933506
1,B->M,1787379372.5336525,9.040633263997734,26.4,4.602300356557535,5.52641494132586,-2.663774771985747
1,B->M,1787379372.5462067,9.05318750499282,26.4,4.585326432517171,5.517719516911954,-2.6741143028747514
1,B->M,1787379372.6820586,9.189040566969197,26.4,4.568266258610694,5.509194781949678,-2.683738936441584
1,B->M,1787379372.819941,9.326923347951379,26.5,4.551130018378465,5.500828738877476,-2.6923139203341764
1,B->M,1787379372.9599178,9.466899385966826,26.6,4.533929733662123,5.4926048363923385,-2.6999780451481565
1,B->M,1787379373.0983942,9.605375421990175,26.7,4.516673592539644,5.484510172075074,-2.706954797655466
1,B->M,1787379373.1113083,9.618289099948015,26.8,4.499368006615134,5.476532154622898,-2.7131923473848056
1,B->M,1787379373.123469,9.63045063597383,26.8,4.482017274017738,5.468657921935738,-2.7187100071493817
1,B->M,1787379373.1328971,9.639878264977597,26.8,4.464625382249096,5.460875254286513,-2.72361236899434
1,B->M,1787379373.2046595,9.71164074895205,26.8,4.447197654256664,5.453173709101872,-2.727893338822401
1,B->M,1787379373.3422036,9.849186454957817,26.9,4.42974085742404,5.445542250161386,-2.7314318974778726
1,B->M,1787379373.3565583,9.86353913199855,27.0,4.412260223347426,5.43796858031715,-2.7344380423753583
1,B->M,1787379373.4321506,9.939131461957004,27.0,4.394758300895571,5.4304446625144935,-2.7369868424245625
1,B->M,1787379373.5686905,10.075671787955798,27.1,4.377249611636274,5.42296831671942,-2.739818710193561
1,B->M,1787379373.706254,10.213235075992998,27.2,4.359678313719693,5.415602463683185,-2.7524403920294365
1,B->M,1787379373.8453517,10.352332916983869,27.4,4.3419973303716874,5.4084472783523,-2.7630514978195873
1,B->M,1787379373.8619382,10.3689190329751,27.4,4.32425565292608,5.401465975316485,-2.7715352671512004
1,B->M,1787379373.8733294,10.380310036998708,27.4,4.306463558636027,5.394627454007237,-2.77877214229714
1,B->M,1787379373.9458702,10.452851233945694,27.4,4.288627370700953,5.387910658256843,-2.7851299701630996
1,B->M,1787379374.0838568,10.590837999945506,27.6,4.2707510819640175,5.3813034091600205,-2.7908325229430933
1,B->M,1787379374.2212632,10.728244775964413,27.7,4.252840484212856,5.374793599509793,-2.7958688536498144
1,B->M,1787379374.3588116,10.865793564997148,27.8,4.234901351191548,5.368369461225647,-2.8001358309354973
1,B->M,1787379374.4337687,10.94074951595394,27.9,4.216939625284035,5.362016173660273,-2.8034901352043193
1,B->M,1787379374.4456065,10.952587552950718,27.9,4.198959539483492,5.355718939340738,-2.8062238144197074
1,B->M,1787379374.4565217,10.963502428960055,27.9,4.18096594603857,5.349465368195913,-2.808185127191586
1,B->M,1787379374.528622,11.035603069991339,27.9,4.16296340428142,5.343243225998146,-2.8094921120800493
1,B->M,1787379374.6044219,11.111402898968663,28.0,4.144957841867324,5.337040007808664,-2.809931934005497
1,B->M,1787379374.7409365,11.247917547996622,28.1,4.126954333146625,5.330840363727489,-2.809736596721208
1,B->M,1787379374.8788557,11.3858369589434,28.2,4.10895609553101,5.324633362312507,-2.8088901061557126
1,B->M,1787379374.9581282,11.46510930696968,28.3,4.090966863355498,5.318406085169853,-2.807310793137785
1,B->M,1787379375.0336843,11.540665057953447,28.4,4.072989195758831,5.3121477396529375,-2.805328901457411
1,B->M,1787379375.1092563,11.616238296963274,28.4,4.055026703737609,5.3058503510175585,-2.8027643119484513
1,B->M,1787379375.184871,11.691851648967713,28.5,4.037083465136713,5.299503127593915,-2.799630251704956
1,B->M,1787379375.3222702,11.829252334951889,28.6,4.019162819820434,5.293096319446717,-2.7959467625258627
1,B->M,1787379375.3369417,11.843922759988345,28.6,4.001269033488745,5.286618645868482,-2.7915707481252467
1,B->M,1787379375.349056,11.856036705954466,28.6,3.983405008011114,5.280060083938691,-2.786821000120844
1,B->M,1787379375.4861708,11.993153016956057,28.7,3.965574749956486,5.273413653846325,-2.7815695372157516
1,B->M,1787379375.6296988,12.136680051975418,28.8,3.947763363198069,5.266697596955014,-2.783147877298625
1,B->M,1787379375.769998,12.276979155954905,28.9,3.929897943141452,5.26008076186598,-2.791391144062676
1,B->M,1787379375.784002,12.290982714970596,29.0,3.912014383396835,5.253555747660367,-2.7908336021824813
1,B->M,1787379375.7956944,12.302674996957649,29.0,3.8941613249397533,5.246983092064438,-2.7852868410874674
1,B->M,1787379375.8061488,12.313129626971204,29.0,3.876356807916526,5.240296149771081,-2.777541924177171
1,B->M,1787379375.9445007,12.45148159697419,29.1,3.858609224348587,5.233464425120593,-2.768939922970735
1,B->M,1787379376.084736,12.591717248957139,29.2,3.84092340719524,5.2264771221321515,-2.759903973338807
1,B->M,1787379376.0979843,12.604964881960768,29.2,3.823300840237461,5.219329388957679,-2.7509361050073604
1,B->M,1787379376.2352295,12.742210833996069,29.3,3.8057298127955783,5.212037573541297,-2.7439883302646013
1,B->M,1787379376.372612,12.879594379977789,29.4,3.7882174574765495,5.204613234954666,-2.735454720318327
1,B->M,1787379376.5104938,13.017474687949289,29.5,3.7707728822646804,5.197035160389839,-2.726305001625564
1,B->M,1787379376.5253913,13.032372072979342,29.6,3.7533965497481474,5.189297384458449,-2.717435764218836
1,B->M,1787379376.537465,13.04444579797564,29.6,3.73607142701493,5.181430624712622,-2.711926681599368
1,B->M,1787379376.6103408,13.117322242993396,29.6,3.7188072787847677,5.173455979656058,-2.704114529201254
1,B->M,1787379376.749356,13.256337908969726,29.7,3.701611039705418,5.165340071740171,-2.6954835788274365
1,B->M,1787379376.887824,13.394805833988357,29.8,3.684477175089361,5.157073011603445,-2.687307695163911
1,B->M,1787379376.963295,13.47027662594337,29.9,3.6673813643922135,5.148697350095111,-2.6837459367335303
1,B->M,1787379377.0418108,13.548791855981108,30.0,3.6503372397406206,5.140245218785834,-2.677182354987723
1,B->M,1787379377.1808317,13.687813779979479,30.1,3.6333549369748366,5.1316731217459965,-2.6695974495162003
1,B->M,1787379377.1977592,13.704739998967852,30.1,3.6164381290048095,5.122969262780933,-2.6617748112273962
1,B->M,1787379377.2093482,13.716328653972596,30.1,3.599557075579641,5.114138712966239,-2.6585006443054278
1,B->M,1787379377.3460457,13.853027048986405,30.2,3.5827071961802144,5.105278434872765,-2.6552597982165533
1,B->M,1787379377.4800842,13.9870651109959,30.3,3.5659038578345283,5.096349081431305,-2.649790372353745
1,B->M,1787379377.615459,14.12244024395477,30.4,3.5491558760535393,5.087326095032138,-2.6439135914149636
1,B->M,1787379377.753311,14.260292612947524,30.5,3.5324629089785735,5.078205273036122,-2.6381488169115035
1,B->M,1787379377.7676518,14.274632659973577,30.6,3.5158082388374026,5.068987658921222,-2.6336343652209395
1,B->M,1787379377.7801907,14.287171347998083,30.6,3.4991374656813856,5.059751735941411,-2.639671102084611
1,B->M,1787379377.7909296,14.297910408000462,30.6,3.4824173340247064,5.050628100164535,-2.6443484758251956
1,B->M,1787379377.8633978,14.370379582978785,30.6,3.4656813265919806,5.041546409414173,-2.643784023171337
1,B->M,1787379378.0010612,14.508042625966482,30.7,3.4489627585240434,5.032440505399678,-2.641244265257755
1,B->M,1787379378.142358,14.649339723982848,30.8,3.432268525370335,5.023288041801785,-2.6383814262267324
1,B->M,1787379378.2807324,14.787713582976721,30.9,3.4156002052741767,5.0140889801734705,-2.6358466310521727
1,B->M,1787379378.2957714,14.802752315998077,31.0,3.3989433319459987,5.004861533477093,-2.635402007851518
1,B->M,1787379378.3710337,14.878014211950358,31.0,3.3822928757989787,4.9956255058584444,-2.634640646016643
1,B->M,1787379378.4460857,14.953066930000205,31.1,3.3656505019219094,4.986381541830395,-2.6345652766651235
1,B->M,1787379378.5837622,15.090743188979104,31.2,3.3489922752210424,4.977155705541712,-2.637353023280646
1,B->M,1787379378.5959573,15.102938049996737,31.2,3.3323121257820034,4.967969288811442,-2.63924605219564
1,B->M,1787379378.7337222,15.240703393996228,31.3,3.3156050686812493,4.958822154309135,-2.643629020739333
1,B->M,1787379378.8721797,15.379161480988842,31.4,3.298846664023191,4.94975662874068,-2.6482324942524604
1,B->M,1787379379.0038195,15.510800973977894,31.5,3.2820525870330717,4.940760255702669,-2.6518028577270027
1,B->M,1787379379.139644,15.646625099994708,31.6,3.2652268583050588,4.931825148173442,-2.655828957477082
1,B->M,1787379379.2774398,15.78442121995613,31.7,3.248338449315203,4.922983896300368,-2.6639133306061744
1,B->M,1787379379.4167695,15.923750621965155,31.8,3.2313872365042076,4.914264513174674,-2.6698286100774933
1,B->M,1787379379.4310505,15.938031312951352,31.8,3.214390661715605,4.905641043618977,-2.675056276760908
1,B->M,1787379379.4436178,15.950598464987706,31.9,3.197347088241162,4.897123601949351,-2.6838916210746855
1,B->M,1787379379.4538746,15.96085527696414,31.9,3.180214810596417,4.888765667181297,-2.692502051059178
1,B->M,1787379379.463604,15.970584539987613,31.9,3.1630246002367364,4.880541542242333,-2.699159982823811
1,B->M,1787379379.534941,16.041921844996978,31.9,3.14578565058405,4.872431776824254,-2.7059868281858077
1,B->M,1787379379.6730835,16.180065242981073,32.0,3.1284567394640654,4.8644793133883555,-2.7183191055498206
1,B->M,1787379379.810898,16.31787931296276,32.1,3.111044780170549,4.85671309764608,-2.7267573878007187
1,B->M,1787379379.8869352,16.393916869943496,32.2,3.0935772624261273,4.849082372723611,-2.733686117887101
1,B->M,1787379379.9013424,16.408323253970593,32.2,3.0760580737931753,4.841597723822785,-2.7462591572681467
1,B->M,1787379380.038225,16.545205916976556,32.3,3.0584006778836814,4.834396396326476,-2.7655589741181195
1,B->M,1787379380.1790957,16.686076976999175,32.4,3.040620909085141,4.827492011149935,-2.778059372895138
1,B->M,1787379380.316485,16.82346659898758,32.5,3.022777141576738,4.820773821694491,-2.785927515989256
1,B->M,1787379380.33107,16.83805072994437,32.6,3.0048926439787826,4.81418389520239,-2.792066759461166
1,B->M,1787379380.34318,16.85016071499558,32.6,2.9869823202163484,4.807711103123574,-2.799350160343141
1,B->M,1787379380.3539767,16.860957904951647,32.6,2.9690076445330855,4.801367194482976,-2.806212813935943
1,B->M,1787379380.4901843,16.99716551596066,32.7,2.9509958102997995,4.795137669001479,-2.8119346325378296
1,B->M,1787379380.5658321,17.072813833947293,32.7,2.9329593496200914,4.789025147176953,-2.8201473909704156
1,B->M,1787379380.703517,17.21049878897611,32.8,2.9148506222225126,4.783062160910247,-2.8278158455306754
1,B->M,1787379380.8415117,17.3484930699924,32.9,2.8967069610823253,4.777224164301748,-2.8336284456385488
1,B->M,1787379380.9790006,17.485982415964827,33.1,2.8785336154722794,4.771485732845831,-2.838655637905796
1,B->M,1787379381.0553734,17.56235475995345,33.1,2.860333240961932,4.765836164849884,-2.843356762994861
1,B->M,1787379381.195705,17.702685962955,33.2,2.8421076497196602,4.760270989128301,-2.8478766521281473
1,B->M,1787379381.2112577,17.71823877899442,33.3,2.823866669292773,4.754808631208005,-2.8563625014422316
1,B->M,1787379381.222806,17.72978662699461,33.3,2.8055526353003644,4.7495061383349855,-2.8640610949068805
1,B->M,1787379381.2336483,17.74062918598065,33.3,2.7872134442764986,4.744323134795498,-2.868879786318157
1,B->M,1787379381.3700066,17.876988620962948,33.4,2.7688548596256695,4.739220617487725,-2.8726949112194142
1,B->M,1787379381.5067155,18.01369677798357,33.5,2.750480105876874,4.734184175865426,-2.8759122217987922
1,B->M,1787379381.5825744,18.089555333950557,33.6,2.7320913506245392,4.729204374671969,-2.878786989916937
1,B->M,1787379381.7203925,18.22737384395441,33.6,2.7136895551832554,4.724275855272191,-2.881441108982816
1,B->M,1787379381.8584418,18.365423011942767,33.7,2.695275706702135,4.7193946023377675,-2.8838512355001633
1,B->M,1787379381.9961333,18.50311472796602,33.9,2.6768514268503445,4.714556227079715,-2.886019281211408
1,B->M,1787379382.0092843,18.516265211976133,33.9,2.658418551373579,4.709756133514948,-2.8878996126231082
1,B->M,1787379382.0197842,18.526764947979245,33.9,2.639978086311957,4.704989247857851,-2.8895837134677884
1,B->M,1787379382.0304353,18.537415932980366,33.9,2.6215309557972084,4.700251359726754,-2.8909039498414804
1,B->M,1787379382.1666317,18.673612781974953,34.0,2.603078421499324,4.695535298707696,-2.891932159111902
1,B->M,1787379382.2431388,18.750119569944218,34.1,2.584621666409427,4.690836622198153,-2.892722686437144
1,B->M,1787379382.2566493,18.76363024697639,34.1,2.566162599412401,4.686150695725344,-2.8932105883166757
1,B->M,1787379382.396248,18.903229565999936,34.2,2.5477027127979444,4.6814727475020215,-2.8935268112122294
1,B->M,1787379382.5333488,19.0403304239735,34.3,2.5292430396510226,4.676799023921817,-2.8936013919209373
1,B->M,1787379382.6713178,19.1782992289518,34.4,2.510784211491952,4.672124967656914,-2.893407473002682
1,B->M,1787379382.8091698,19.316150882979855,34.5,2.4923271628240595,4.66744590184602,-2.8929823079530825
1,B->M,1787379382.9515498,19.458534782985225,34.6,2.473873544947776,4.662757371432395,-2.8923137595377177
1,B->M,1787379382.967249,19.474229506973643,34.7,2.4554248438183315,4.658054978345292,-2.8913930747819485
1,B->M,1787379382.9778857,19.48486614396097,34.7,2.4369819786117892,4.6533338581685255,-2.8901972491923225
1,B->M,1787379382.9874978,19.49447827495169,34.7,2.4185453995803616,4.648589423889385,-2.8888185277065412
1,B->M,1787379383.0584812,19.565462642989587,34.7,2.400115893585165,4.643817829816691,-2.887199923377739
1,B->M,1787379383.1989005,19.705881455971394,34.8,2.3816945074366767,4.639014951700717,-2.885397797968044
1,B->M,1787379383.3382068,19.845187974977307,34.9,2.3632825715835213,4.63417805457901,-2.8834628828966036
1,B->M,1787379383.414243,19.921223952958826,35.0,2.344881349789664,4.6293045580748675,-2.881378903798003
1,B->M,1787379383.492071,19.99905206897529,35.1,2.326491361961661,4.62439214031718,-2.879135720413925
1,B->M,1787379383.503696,20.010676519945264,35.1,2.3081131567429436,4.619437149718629,-2.876720452849003
1,B->M,1787379383.576416,20.0833975149435,35.1,2.2897474021373823,4.614436777708765,-2.874203871635142
1,B->M,1787379383.7118862,20.218867412942927,35.2,2.2713950995326564,4.609389381018212,-2.871533875734928
1,B->M,1787379383.850492,20.35747290495783,35.3,2.253057157928918,4.604292325526587,-2.8687267982049556
1,B->M,1787379383.9254375,20.432418418000452,35.4,2.2347341775978755,4.599143085261555,-2.8658081270153524
1,B->M,1787379384.0029461,20.509927270992193,35.5,2.216426827430972,4.59393940157094,-2.8627747135628105
1,B->M,1787379384.0166314,20.523612000979483,35.5,2.198135671422069,4.58867957379017,-2.859651972401483
1,B->M,1787379384.0903819,20.597362860979047,35.5,2.179861293801861,4.583362021026999,-2.856438942686926
1,B->M,1787379384.231222,20.73820312996395,35.7,2.1616045616092867,4.577985490386909,-2.8531682335935216
1,B->M,1787379384.2466867,20.75366754399147,35.7,2.143365885008963,4.572549002395266,-2.8498626850203927
1,B->M,1787379384.3209567,20.827937633963302,35.7,2.125145347599478,4.567051967771632,-2.846522585381661
1,B->M,1787379384.4604425,20.967424120986834,35.8,2.106943279221761,4.56149376660842,-2.843154172106146
1,B->M,1787379384.474536,20.981516610947438,35.9,2.088759983079503,4.555874210803552,-2.839761821862718
1,B->M,1787379384.5482292,21.055210045946296,35.9,2.070595695050067,4.550192865140743,-2.8363531702881457
1,B->M,1787379384.6245947,21.131575605948456,36.0,2.0524506819501918,4.544449175756873,-2.832934191040568
1,B->M,1787379384.7614932,21.268474254989997,36.1,2.034332442871368,4.538649266840533,-2.8306414520534795
1,B->M,1787379384.8990529,21.40603391599143,36.2,2.016173787214386,4.532896526075126,-2.842141077962347
1,B->M,1787379384.9749582,21.48193958599586,36.3,1.9979508631370848,4.52734279386002,-2.84936228154717
1,B->M,1787379385.1124544,21.619435199943837,36.4,1.9797152298554692,4.521861905165727,-2.8490160616683204
1,B->M,1787379385.2516718,21.758652859949507,36.5,1.9614983213265593,4.516352211440475,-2.845704249182026
1,B->M,1787379385.3284702,21.83545132895233,36.6,1.9433056037359562,4.510774258080684,-2.8413824057244925
1,B->M,1787379385.3409767,21.847957551945,36.6,1.9251394557253725,4.505114080925072,-2.8366358257298763
1,B->M,1787379385.351445,21.858425624959636,36.6,1.907000927528856,4.499366579639265,-2.8317791332747912
1,B->M,1787379385.4232733,21.93025483295787,36.6,1.888891974594065,4.493532370123004,-2.827182657068102
1,B->M,1787379385.4993958,22.006376694946084,36.7,1.8707997252002964,4.487629146082314,-2.824384015954809
1,B->M,1787379385.6362076,22.143188998976257,36.8,1.852727035519376,4.481666101099586,-2.820416584400005
1,B->M,1787379385.771492,22.278473714948632,36.9,1.8346803859314664,4.475628276025315,-2.8160671278972607
1,B->M,1787379385.907872,22.41485309897689,37.0,1.8166550348538582,4.469520194760209,-2.81397947517351
1,B->M,1787379386.0455146,22.55249550199369,37.1,1.798637226279068,4.463381989546686,-2.8116618888746747
1,B->M,1787379386.0593812,22.566362173995003,37.2,1.780641999827073,4.457192037937668,-2.8080174056327865
1,B->M,1787379386.070451,22.577431632962544,37.2,1.7626714250584958,4.450933228991231,-2.8040091323344583
1,B->M,1787379386.0803192,22.587299932958558,37.2,1.7447130433236109,4.444613174143095,-2.803273508477998
1,B->M,1787379386.1518524,22.658833863970358,37.2,1.7267541390887278,4.438291200196827,-2.8022412709483175
1,B->M,1787379386.2923026,22.79928390996065,37.3,1.7088127139304976,4.431936568588171,-2.7993451900398996
1,B->M,1787379386.4299445,22.93692722194828,37.4,1.6908894101708998,4.425527427002321,-2.7966148660663293
1,B->M,1787379386.568944,23.075925185985398,37.5,1.6729540273125814,4.419107465353401,-2.79903870514913
1,B->M,1787379386.706467,23.213448365975637,37.6,1.655022375993348,4.412706207445517,-2.797686749402892
1,B->M,1787379386.8438838,23.350865555985365,37.7,1.6371080526230437,4.4062703728083275,-2.79494213960968
1,B->M,1787379386.9199655,23.426946511957794,37.8,1.6191919690709615,4.399801215564182,-2.79762003735771
1,B->M,1787379386.932177,23.439158124965616,37.8,1.6012295987460234,4.393445519138563,-2.80676253774488
1,B->M,1787379386.9435315,23.45051243097987,37.9,1.583231024620428,4.387215835793405,-2.809465837742932
1,B->M,1787379386.9543147,23.46129560197005,37.9,1.5652367834127103,4.381001742583211,-2.807956978265263
1,B->M,1787379387.026658,23.533639490953647,37.9,1.5472595951374233,4.374749848530378,-2.805083726734849
1,B->M,1787379387.1034915,23.610472271975596,38.0,1.5293033339753959,4.368444645980173,-2.802107423519744
1,B->M,1787379387.2407143,23.747695613943506,38.0,1.5113543990526463,4.362101030775518,-2.801247915157721
1,B->M,1787379387.3833861,23.8903676699847,38.1,1.49341458777281,4.355733334205204,-2.7991805098431937
1,B->M,1787379387.521133,24.028114232991356,38.3,1.4754895200809666,4.349326895006995,-2.7971930445291693
1,B->M,1787379387.659262,24.166243144951295,38.4,1.4575591422119687,4.342908523781828,-2.7983361631072765
1,B->M,1787379387.7986612,24.305642297957093,38.5,1.4396309406298224,4.336495754899002,-2.797391439242586
1,B->M,1787379387.9377778,24.4447590529453,38.6,1.4217027672081703,4.330073529755053,-2.7992069098039005
1,B->M,1787379388.0744016,24.58138288895134,38.7,1.4037577562872445,4.323694525466926,-2.8005464774205717
1,B->M,1787379388.2133398,24.720321081986185,38.8,1.3858158464252948,4.317324324309851,-2.799980254711924
1,B->M,1787379388.3534687,24.860451087995898,38.9,1.3589120136195043,4.307743080702435,-2.7991821248122024
1,B->M,1787379388.49049,24.99747096694773,39.0,1.3319602706265716,4.298237834023226,-2.8051742373245987
1,B->M,1787379388.6283436,25.135325522976927,39.1,1.3049923030949613,4.288820499200445,-2.8056918195815017
1,B->M,1787379388.7666554,25.273636402969714,39.3,1.2780240799166234,4.279405294200247,-2.8062416529312544
1,B->M,1787379388.7804825,25.287463510991074,39.3,1.2600003511595288,4.273208409715396,-2.817695287635866
1,B->M,1787379388.7925444,25.299524985952303,39.3,1.2419091659979637,4.267222501690541,-2.8271405885075875
1,B->M,1787379388.8024852,25.309465872996952,39.3,1.2237816217201476,4.261359381706272,-2.8303870145241437
1,B->M,1787379388.8115425,25.31852294196142,39.3,1.2056500591500259,4.255536064767443,-2.8310608713562706
1,B->M,1787379388.8196917,25.32667231897358,39.3,1.1875197505246862,4.249717820968917,-2.830869600109778
1,B->M,1787379388.8270667,25.334047328971792,39.3,1.169391659185403,4.243894359302164,-2.8304509410225385
1,B->M,1787379388.8336296,25.340610217943322,39.4,1.1512656853370973,4.238063269830483,-2.8300475860424306
1,B->M,1787379388.84016,25.347140344965737,39.4,1.1331417454478272,4.232225076411346,-2.829709471899737
1,B->M,1787379388.8461668,25.353147252986673,39.4,1.1150194711157064,4.226381229285214,-2.829431036892681
1,B->M,1787379388.9148872,25.42186820594361,39.4,1.0968984419639047,4.220532239047609,-2.8291924917554527
1,B->M,1787379389.0493383,25.556319386989344,39.5,1.0787784763534805,4.214678811442366,-2.828931834739929
1,B->M,1787379389.1870356,25.6940166639979,39.6,1.060660092922254,4.208820726233827,-2.828628160131627
1,B->M,1787379389.3267264,25.833707742975093,39.7,1.0425444460515998,4.202956479647063,-2.8282172854800556
1,B->M,1787379389.4644065,25.971387489989866,39.8,1.0244323986755846,4.197084202276402,-2.8276720444743946
1,B->M,1787379389.6016574,26.108639031997882,39.9,1.0063248671745453,4.191200919243441,-2.8269381860884435
1,B->M,1787379389.6765716,26.18355267494917,40.0,0.9882227728506028,4.185303049803549,-2.8260028138787683
1,B->M,1787379389.7521355,26.259116427972913,40.0,0.9701273582439948,4.179386613886708,-2.8248034063963954
1,B->M,1787379389.8898382,26.396819886984304,40.1,0.9520401405114618,4.173446793837154,-2.8233382432169223
1,B->M,1787379389.9655523,26.472533063963056,40.2,0.9339632120264542,4.167478685512441,-2.8215621240080493
1,B->M,1787379390.040911,26.547892146976665,40.2,0.9158992006208297,4.161475663547474,-2.819334257132403
1,B->M,1787379390.1171377,26.62411878898274,40.4,0.8978501977593072,4.155429618721774,-2.816752629598342
1,B->M,1787379390.2524793,26.75946087797638,40.4,0.8798182115449461,4.149334786140165,-2.813798307107863
1,B->M,1787379390.3921683,26.8991499269614,40.5,0.8618062405723373,4.143183945138957,-2.810462604769547
1,B->M,1787379390.531618,27.038599513994996,40.6,0.8438170879823329,4.136971354359912,-2.8067859294435356
1,B->M,1787379390.545873,27.052853576955386,40.7,0.8258549079370135,4.130689295049883,-2.802528789287552
1,B->M,1787379390.5578299,27.064810710959136,40.7,0.8079223318024353,4.124328953614941,-2.7979144337286135
1,B->M,1787379390.5682163,27.075197168975137,40.7,0.7900219848331116,4.117882904989658,-2.7928201559231285
1,B->M,1787379390.7046194,27.2116007769946,40.8,0.7721561448632082,4.111342920057786,-2.7873836741875477
1,B->M,1787379390.8434098,27.350391014944762,40.9,0.7543274008817188,4.104703645317656,-2.7815551850457494
1,B->M,1787379390.9803042,27.48728547198698,41.0,0.7365393692946378,4.097958057979707,-2.775394504533992
1,B->M,1787379391.055909,27.562889668974094,41.1,0.7187943071353601,4.091101471814214,-2.7690147555960065
1,B->M,1787379391.070193,27.57717387395678,41.1,0.7010948279602712,4.0841289622550025,-2.7622198804373963
1,B->M,1787379391.080511,27.587491632963065,41.1,0.683443414886529,4.0770338384651446,-2.755158462994938
1,B->M,1787379391.2172475,27.72422834194731,41.2,0.6658437313488333,4.069812358518025,-2.747792642780943
1,B->M,1787379391.3557434,27.862724416947458,41.3,0.6483004510147723,4.06246032110636,-2.7401298786170343
1,B->M,1787379391.493757,28.000738419999834,41.4,0.6308177837836321,4.054973098472557,-2.7321842420421465
1,B->M,1787379391.6320834,28.139064685965423,41.5,0.613397908894244,4.04734623658887,-2.724063788232293
1,B->M,1787379391.646317,28.153297718963586,41.6,0.5960412004206465,4.0395772465006665,-2.7158255274150305
1,B->M,1787379391.6589844,28.165965162974317,41.6,0.5787487895396919,4.031663976559857,-2.707423891576271
1,B->M,1787379391.6703477,28.177328460966237,41.6,0.5615226713684518,4.023604781692032,-2.698947356486293
1,B->M,1787379391.813956,28.320937370997854,41.7,0.5443652071238585,4.015398984594178,-2.690403677233292
1,B->M,1787379391.9538605,28.460841747990344,41.8,0.5272779721017755,4.007046109041124,-2.6818186450598738
1,B->M,1787379392.029482,28.536463033000473,41.9,0.5102618010762939,3.998545596618032,-2.6731930796138896
1,B->M,1787379392.0418005,28.548781359975692,41.9,0.4933181695903429,3.9898973964664406,-2.6645476893390736
1,B->M,1787379392.1150472,28.622028467943892,41.9,0.4764498235621237,3.981103091215463,-2.655912695319737
1,B->M,1787379392.254233,28.761214140977245,42.0,0.45965976548827897,3.972165070088924,-2.647315218987806
1,B->M,1787379392.2683318,28.77531244599959,42.1,0.442949889566483,3.9630848643907384,-2.6387785254150593
1,B->M,1787379392.342293,28.849274253996555,42.1,0.426319848401789,3.953863485080099,-2.6303214024424006
1,B->M,1787379392.482267,28.98924831894692,42.2,0.4097681023078525,3.94450216891825,-2.6219692133755657
1,B->M,1787379392.5582871,29.06526829994982,42.3,0.39329309507767485,3.9350031457179107,-2.6137428288243045
1,B->M,1787379392.6330433,29.14002430299297,42.3,0.3768942867096874,3.9253687048503423,-2.605656511165945
1,B->M,1787379392.7710128,29.277994519972708,42.4,0.36057124851005334,3.9156016529337547,-2.5977205988352363
1,B->M,1787379392.9085214,29.415502908988856,42.6,0.34432333744404287,3.90570503123096,-2.5899470219074963
1,B->M,1787379393.0489352,29.555916107958183,42.7,0.32815010176446957,3.895682231172624,-2.5823195666842813
1,B->M,1787379393.0632787,29.570259499945678,42.7,0.31205221196840016,3.885536295378752,-2.5748528317274584
1,B->M,1787379393.0744298,29.581410372979008,42.7,0.296030326682807,3.875271733749901,-2.567562564008457
1,B->M,1787379393.14644,29.65342118398985,42.7,0.2800846591982839,3.8648937735392477,-2.5604495073208784
1,B->M,1787379393.2849603,29.791941287985537,42.8,0.26421481747584186,3.854405572914022,-2.5535253554243442
1,B->M,1787379393.423654,29.93063550197985,43.0,0.24841931100313325,3.843809550220495,-2.5467949758857844
1,B->M,1787379393.5604582,30.067439477948938,43.1,0.2326950275112,3.833108931485088,-2.5402612469656916
1,B->M,1787379393.636383,30.14336370298406,43.2,0.21703871075534178,3.822306676512964,-2.533923148170398
1,B->M,1787379393.6487184,30.155699342954904,43.2,0.20144776457270885,3.811405021436931,-2.527795343073152
1,B->M,1787379393.786702,30.29368291195715,43.3,0.1859202479905911,3.8004068766743,-2.5218559957345286
1,B->M,1787379393.9236755,30.430656677985098,43.4,0.1704547523447437,3.789315858246535,-2.516106372963594
1,B->M,1787379394.0619342,30.568915612995625,43.5,0.1550502836440423,3.7781362430209082,-2.5105489565753243
1,B->M,1787379394.139714,30.64669513894478,43.6,0.13970706349386908,3.766871784172594,-2.5051598716927055
1,B->M,1787379394.1534078,30.660388309974223,43.6,0.12442494277633322,3.7555267782492643,-2.4999597487629424
1,B->M,1787379394.1648183,30.671798835974187,43.6,0.10920321331483321,3.7441053538937306,-2.494943500535711
1,B->M,1787379394.1746364,30.681616867950652,43.6,0.09404050234384602,3.73261050933716,-2.49010632347352
1,B->M,1787379394.1840293,30.69101002899697,43.6,0.0789345208160556,3.721044844039067,-2.485430042351541
1,B->M,1787379394.1920333,30.699013933946844,43.6,0.0638825397214419,3.7094099505651954,-2.4809170399391736
1,B->M,1787379394.3281736,30.835154652944766,43.7,0.04888128249465033,3.6977074950483755,-2.476569812001995
1,B->M,1787379394.4673784,30.974359625950456,43.8,0.03392787540954158,3.6859388818196144,-2.4723701220647363
1,B->M,1787379394.5485444,31.055525358999148,43.9,0.01902042103602477,3.6741061105032427,-2.468318591470837
1,B->M,1787379394.686495,31.193476345972158,44.0,0.004157841762834218,3.662211916335611,-2.4644042022231023
1,B->M,1787379394.76191,31.268890784995165,44.1,-0.010660504313848268,3.650259468425665,-2.4606413560110427
1,B->M,1787379394.7783012,31.28528227697825,44.1,-0.025434589604371748,3.6382518966589674,-2.457022292886028
1,B->M,1787379394.9169154,31.423897793982178,44.2,-0.04016445770780377,3.62619276655,-2.453537539469028
1,B->M,1787379395.0541635,31.561144795967266,44.3,-0.05485069333841846,3.6140851819573925,-2.4501886150968653
1,B->M,1787379395.1301465,31.63712756097084,44.4,-0.06949460357532743,3.601931242599991,-2.4469581004003302
1,B->M,1787379395.2678208,31.774802041996736,44.4,-0.08409799787044166,3.589732024665239,-2.443845874687917
1,B->M,1787379395.4073546,31.914336165995337,44.6,-0.09866368980475365,3.5774884367661546,-2.440847227644188
1,B->M,1787379395.5457788,32.05276056594448,44.7,-0.11319439194385938,3.565200861007395,-2.4379523209256604
1,B->M,1787379395.6844969,32.191478539956734,44.8,-0.1276921142399047,3.5528697058866126,-2.4351575052092223
1,B->M,1787379395.7608085,32.26778977998765,44.9,-0.14215829938314106,3.540496485090492,-2.4324615311108
1,B->M,1787379395.774141,32.281122165964916,44.9,-0.15659401040516294,3.528083346706772,-2.4298634803514756
1,B->M,1787379395.785563,32.29254352999851,44.9,-0.1709992012185804,3.5156320708141293,-2.4273659155444336
1,B->M,1787379395.795638,32.30261873197742,44.9,-0.18537365536841527,3.503145141403014,-2.4249712756528963
1,B->M,1787379395.8048117,32.31179246894317,44.9,-0.1997174404995017,3.4906258266919736,-2.4226689198205085
1,B->M,1787379395.8132117,32.320192132960074,44.9,-0.21403058001307085,3.4780762143185626,-2.420453105770781
1,B->M,1787379395.9483988,32.45537995698396,45.0,-0.2283137511157225,3.4654973075156494,-2.418321355734112
1,B->M,1787379396.0863311,32.593312130949926,45.1,-0.24256887201372798,3.4528897327162063,-2.4162616240940475
1,B->M,1787379396.2243059,32.73128710599849,45.2,-0.2567985431650781,3.440253486041939,-2.4142726116152824
1,B->M,1787379396.3631647,32.87014586699661,45.3,-0.27100466096130094,3.4275880453012455,-2.4123456369097496
1,B->M,1787379396.5037632,33.01074472896289,45.4,-0.2851885311016628,3.41489352471971,-2.4104764625919337
1,B->M,1787379396.6417327,33.148713402973954,45.5,-0.29935119065914795,3.402171029046629,-2.4086715648409234
1,B->M,1787379396.7790234,33.28600429196376,45.6,-0.3134933403917632,3.389421873673996,-2.406931446453249
1,B->M,1787379396.793895,33.30087600799743,45.7,-0.3276148133455176,3.376647409044635,-2.4052625046245137
1,B->M,1787379396.8050878,33.31206841295352,45.7,-0.3417150267725624,3.363849420248131,-2.403660260535493
1,B->M,1787379396.8149931,33.32197400095174,45.7,-0.3557937551648789,3.3510307280008504,-2.4021228994265518
1,B->M,1787379396.8870304,33.39401186094619,45.7,-0.3698507514448669,3.3381932242820267,-2.4006439202395327
1,B->M,1787379397.025208,33.53218976495555,45.8,-0.3838866630401012,3.3253373928272576,-2.399220112101896
1,B->M,1787379397.1632183,33.67019983695354,45.9,-0.39790303842744695,3.3124627790271832,-2.397847699378709
1,B->M,1787379397.3008645,33.80784581496846,46.1,-0.4119022751767522,3.2995690609518578,-2.3965173075385984
1,B->M,1787379397.44139,33.94837124296464,46.2,-0.425886181906873,3.286655975618674,-2.3952208877429078
1,B->M,1787379397.4545646,33.96154521295102,46.2,-0.43985527067529795,3.273723121579778,-2.3939600753935872
1,B->M,1787379397.4658573,33.97283822495956,46.2,-0.45380977121620647,3.260770747829824,-2.3927410031863396
1,B->M,1787379397.4763737,33.98335501598194,46.2,-0.4677505353401875,3.247800205829946,-2.391569164056876
1,B->M,1787379397.611788,34.11877001897665,46.3,-0.48167788710748816,3.2348128869077892,-2.3904501872286703
1,B->M,1787379397.749733,34.25671436695848,46.4,-0.49559099947452234,3.22181024096101,-2.3893854088429407
1,B->M,1787379397.886948,34.3939296429744,46.5,-0.5094885767506109,3.2087941633522625,-2.388372446843314
1,B->M,1787379398.0248046,34.53178612299962,46.6,-0.5233705693157825,3.1957667005777215,-2.3874018850986425
1,B->M,1787379398.165963,34.672944455000106,46.7,-0.5372382176345571,3.182728641245018,-2.3864714828259754
1,B->M,1787379398.304791,34.81177239399403,46.8,-0.5510930525407752,3.1696788635959456,-2.385578795942342
1,B->M,1787379398.3809981,34.887978873972315,47.0,-0.5649364739681827,3.156616045597121,-2.3847139577232435
1,B->M,1787379398.3942847,34.901265550986864,47.0,-0.5787699530619053,3.143539881639238,-2.3838734793494414
1,B->M,1787379398.405248,34.91222876298707,47.0,-0.5925946062775179,3.1304509738314095,-2.383059303263634
1,B->M,1787379398.4154694,34.922449912992306,47.0,-0.6064105959071027,3.1173494312329413,-2.382281511487204
1,B->M,1787379398.424983,34.93196389096556,47.0,-0.6202181717395522,3.1042357695154235,-2.381550171614286
1,B->M,1787379398.4983957,35.005377010966185,47.0,-0.6340173812233361,3.0911110718603294,-2.3808629272370077
1,B->M,1787379398.5121527,35.0191331889946,47.1,-0.6478078391028286,3.077977439964862,-2.380230352231624
1,B->M,1787379398.6465018,35.153483099944424,47.1,-0.6615887671851264,3.064837158142216,-2.3796463815351934
1,B->M,1787379398.78285,35.289831590955146,47.2,-0.6753593674705037,3.0516912781210803,-2.379114096624194
1,B->M,1787379398.9203608,35.427341922943015,47.3,-0.6891209992148987,3.038540444023141,-2.3786238082505227
1,B->M,1787379399.0568485,35.5638300239807,47.4,-0.7028758850879009,3.02538406472936,-2.378169685566224
1,B->M,1787379399.1968393,35.70382142899325,47.6,-0.7166258209020462,3.01222090397955,-2.377751632861593
1,B->M,1787379399.2107148,35.717695498955436,47.6,-0.7303716640561675,2.9990505354334336,-2.377367772227755
1,B->M,1787379399.2219274,35.72890826599905,47.6,-0.7441141987786919,2.9858733976339136,-2.377042408153134
1,B->M,1787379399.293746,35.80072697997093,47.6,-0.7578543627144175,2.972690733922712,-2.3767587990695596
1,B->M,1787379399.431195,35.93817677994957,47.7,-0.7715930510641671,2.959503350750871,-2.376540379001558
1,B->M,1787379399.5700786,36.07706005999353,47.9,-0.7853303208284304,2.946312296684484,-2.376393464557707
1,B->M,1787379399.5832655,36.09024628897896,47.9,-0.7990656703043378,2.933119440049335,-2.3763173396594244
1,B->M,1787379399.5944915,36.10147200897336,47.9,-0.8127986176396601,2.9199275253749186,-2.376329073013686
1,B->M,1787379399.732145,36.239126098982524,48.0,-0.8261243632050441,2.9071291235770795,-2.3767279279282905
1,B->M,1787379399.8705292,36.377511003986,48.1,-0.8368676322018817,2.8968549937762833,-2.3824499089831535
1,B->M,1787379400.0078044,36.5147857919801,48.2,-0.8462989505940084,2.8880049883540053,-2.3982760874014253
1,B->M,1787379400.149344,36.65632522897795,48.3,-0.8556965822365276,2.8795473662657107,-2.423974643581412
1,B->M,1787379400.288402,36.79538347898051,48.4,-0.865345831680003,2.8713070420885414,-2.449822597721996
1,B->M,1787379400.4263556,36.93333677499322,48.5,-0.8755094785824554,2.86307017485249,-2.4751375451193396
1,B->M,1787379400.4405253,36.94750594598008,48.6,-0.886107081368993,2.854913184467102,-2.4998117988859865
1,B->M,1787379400.4523103,36.959291180945,48.6,-0.8972932069023031,2.8467301112816443,-2.5238369282728983
1,B->M,1787379400.4637668,36.97074798098765,48.6,-0.9089421756077123,2.8386251580215305,-2.547240093708588
1,B->M,1787379400.4734728,36.98045413097134,48.6,-0.9210601508234632,2.830605632036537,-2.570061025957932
1,B->M,1787379400.5491092,37.05609019298572,48.7,-0.9329230901640843,2.82314564802901,-2.595210963032296
1,B->M,1787379400.6234853,37.13046638999367,48.7,-0.9461590709369767,2.8153146211998337,-2.623734934249394
1,B->M,1787379400.7608538,37.267836100945715,48.8,-0.9601068370834447,2.8075628732366202,-2.648385882657427
1,B->M,1787379400.8983169,37.4052981059649,48.9,-0.9748659067634249,2.79983437482088,-2.6741793038225605
1,B->M,1787379400.9763205,37.48330146895023,49.0,-0.9903158600625557,2.7922299222464515,-2.697587968283249
1,B->M,1787379401.1133018,37.620282876945566,49.1,-1.0069110802179038,2.78455444740779,-2.723724642704507
1,B->M,1787379401.1898332,37.69681433099322,49.2,-1.0240292932661734,2.7771562125028493,-2.7472447072710193
1,B->M,1787379401.2029965,37.70997731096577,49.2,-1.0417276339078636,2.769998550356808,-2.770731068278051
1,B->M,1787379401.2143266,37.72130718198605,49.2,-1.0595809117487203,2.7632198421886063,-2.7897931261784685
1,B->M,1787379401.3501577,37.85713905794546,49.3,-1.0775473769925412,2.756765599728985,-2.8062878682673436
1,B->M,1787379401.4872665,37.994247675000224,49.4,-1.0956074641996387,2.750594315904033,-2.8208063737832467
1,B->M,1787379401.5632217,38.070202481991146,49.5,-1.1137503540981686,2.744678189862189,-2.8343462726630544
1,B->M,1787379401.5765264,38.08350707497448,49.5,-1.1319654817118898,2.7389993373078876,-2.846541379094148
1,B->M,1787379401.6501412,38.157123403972946,49.5,-1.1502428314701991,2.7335360367778683,-2.857606381278814
1,B->M,1787379401.7861364,38.29311809595674,49.6,-1.1685727596279838,2.728267001064548,-2.867353849844893
1,B->M,1787379401.924181,38.431162677996326,49.7,-1.1869472548879518,2.723167207971524,-2.8759401461771974
1,B->M,1787379402.0621138,38.56909487594385,49.9,-1.205361159235196,2.718219998301218,-2.88355324706238
1,B->M,1787379402.199554,38.70653534197481,50.0,-1.2238053621350555,2.713403179656025,-2.8897465578095947
1,B->M,1787379402.3369253,38.8439066009596,50.1,-1.242274921088681,2.708695605889492,-2.895220308942099
1,B->M,1787379402.477646,38.98463007598184,50.2,-1.2607636901157024,2.704081998588628,-2.8994369034846135
1,B->M,1787379402.6203222,39.12730420898879,50.3,-1.2792661041903717,2.699538429446726,-2.902575354325588
1,B->M,1787379402.6985133,39.205493986955844,50.4,-1.2977790357286694,2.6950476250021937,-2.9049192062144793
1,B->M,1787379402.7104552,39.21743680094369,50.4,-1.3162978990847998,2.6905940182164336,-2.906345918973759
1,B->M,1787379402.7215793,39.228560047980864,50.4,-1.3348175911415034,2.6861612466772664,-2.9067315832168767
1,B->M,1787379402.731223,39.23820432496723,50.4,-1.3533337328513657,2.6817290236032294,-2.9062134300340157
1,B->M,1787379402.7389662,39.24594693497056,50.4,-1.3718446122858756,2.677282368403442,-2.9050291550050593
1,B->M,1787379402.7458417,39.25282211398007,50.4,-1.3903471757512063,2.6728078936390816,-2.9029591467771136
1,B->M,1787379402.7522671,39.2592477069702,50.5,-1.4088381424732304,2.668290432114148,-2.90026952049661
1,B->M,1787379402.8879623,39.39494382898556,50.5,-1.4273145121961028,2.6637206029549843,-2.897074620148038
1,B->M,1787379402.9636204,39.47060152696213,50.6,-1.4457721549993081,2.6590871149734676,-2.8932046717057407
1,B->M,1787379403.1048343,39.611815951997414,50.7,-1.4642092310494441,2.654379472219498,-2.8889716420478484
1,B->M,1787379403.1822076,39.68918821396073,50.8,-1.4826240502752255,2.6495909525060424,-2.88429364498787
1,B->M,1787379403.2564836,39.76346482994268,50.8,-1.501014961002901,2.644714203498201,-2.879268650508087
1,B->M,1787379403.3947694,39.90175120794447,50.9,-1.5193795845432336,2.6397429925297367,-2.8739259169251015
1,B->M,1787379403.5331004,40.04008210398024,51.0,-1.537715825050412,2.634671878850735,-2.8683437117748296
1,B->M,1787379403.6101956,40.11717820999911,51.1,-1.556022596999043,2.629497301458127,-2.8625997560999936
1,B->M,1787379403.6866221,40.19360334496014,51.2,-1.5742935329687826,2.624223514404597,-2.8582825218184156
1,B->M,1787379403.6986184,40.205599111970514,51.2,-1.592614157435839,2.6189891253181323,-2.8723443309289967
1,B->M,1787379403.771273,40.27825541596394,51.2,-1.610996586477274,2.6139971980636645,-2.879882384313023
1,B->M,1787379403.9084556,40.41543695196742,51.3,-1.629371293652343,2.6090511128357132,-2.875808504014647
1,B->M,1787379403.9865997,40.49358151695924,51.4,-1.6477143764936064,2.604011748500554,-2.8695400849107924
1,B->M,1787379404.0619464,40.56892762199277,51.5,-1.6660216865344635,2.5988521646262948,-2.8626405901204524
1,B->M,1787379404.2011278,40.708108873979654,51.6,-1.6842955999079925,2.593563852886903,-2.855668922891628
1,B->M,1787379404.3398263,40.84680757194292,51.7,-1.702539443344683,2.588158354516571,-2.8501491029835955
1,B->M,1787379404.4136422,40.920623578946106,51.8,-1.7207538421861879,2.5826487381549508,-2.8444650895781765
1,B->M,1787379404.4240057,40.93098625796847,51.8,-1.7389498770053904,2.5770541995408744,-2.8411736980132396
1,B->M,1787379404.4329877,40.939968598948326,51.8,-1.7571235236184128,2.5713910209325945,-2.836956312244634
1,B->M,1787379404.56995,41.07693202496739,51.9,-1.7752893938768735,2.5656738662758376,-2.835793327166899
1,B->M,1787379404.7077863,41.21476809296291,52.0,-1.7934313410932532,2.5599221872854265,-2.8324225246934525
1,B->M,1787379404.8453522,41.35233330796473,52.1,-1.8115777426058275,2.554112175880847,-2.8320852276733652
1,B->M,1787379404.9216626,41.428643370978534,52.2,-1.8297139074757287,2.548313619351076,-2.8315654051881927
1,B->M,1787379404.933627,41.44060761696892,52.2,-1.8478463367063298,2.5424905777222184,-2.8298883292808235
1,B->M,1787379404.9441793,41.4511602249695,52.2,-1.865997074741626,2.536676071578432,-2.833306632814719
1,B->M,1787379405.0820043,41.588985137990676,52.3,-1.8841411212018728,2.530899652173893,-2.832986334064428
1,B->M,1787379405.2202804,41.72726236394374,52.4,-1.9022872324262994,2.5251078994572396,-2.832309004258401
1,B->M,1787379405.2952492,41.802230574947316,52.5,-1.9204700039027174,2.519368645236771,-2.8421882455903495
1,B->M,1787379405.305981,41.8129621159751,52.5,-1.9386964749815971,2.513817263175218,-2.850211294245677
1,B->M,1787379405.3779228,41.884904935956,52.5,-1.956948190093972,2.508364851481704,-2.852203858935082
1,B->M,1787379405.5150552,42.02203730295878,52.6,-1.9751979186486741,2.5029315768446367,-2.8518807749290227
1,B->M,1787379405.6550686,42.162050564948004,52.7,-1.9934394067245098,2.4974888677992255,-2.851202582180747
1,B->M,1787379405.7948453,42.30182687396882,52.8,-2.0116882069950957,2.492049844597289,-2.852617930831822
1,B->M,1787379405.8091905,42.31617234798614,52.9,-2.029942345383169,2.4866258794065845,-2.8527633165632844
1,B->M,1787379405.8223217,42.32930301496526,52.9,-2.0481931023488755,2.4812045849403987,-2.853093819469158
1,B->M,1787379405.8958325,42.40281428099843,52.9,-2.066463028577438,2.475815490750239,-2.8567401117247626
1,B->M,1787379406.0356066,42.54258815495996,53.0,-2.08474648875386,2.4704766734798165,-2.8582679380383604
1,B->M,1787379406.173068,42.680049901944585,53.2,-2.103034358294549,2.465160240432412,-2.859073947014348
1,B->M,1787379406.310939,42.817920740984846,53.3,-2.1213297979494175,2.459871533587739,-2.863283403569312
1,B->M,1787379406.3888643,42.895846134983,53.4,-2.1396599119139266,2.4546696912785095,-2.867053485006359
1,B->M,1787379406.4027398,42.90972122299718,53.4,-2.157998046323945,2.449520687792607,-2.8687496830646433
1,B->M,1787379406.414155,42.92113644897472,53.4,-2.176341337644389,2.444397723776052,-2.8697703405206947
1,B->M,1787379406.4868183,42.993800316995475,53.4,-2.1946891442849688,2.439291665194932,-2.8705990345346066
1,B->M,1787379406.6248848,43.13186681998195,53.5,-2.2130480074904955,2.4342188478242375,-2.875973545728089
1,B->M,1787379406.7592564,43.26623792096507,53.7,-2.231448594972267,2.429256866007147,-2.8807059352001185
1,B->M,1787379406.8359141,43.34289613395231,53.7,-2.249856794721255,2.424360447336457,-2.882571996066714
1,B->M,1787379406.973096,43.480078732944094,53.8,-2.268268632019974,2.419490911463469,-2.883488615075044
1,B->M,1787379406.9909492,43.49792987498222,53.9,-2.286683154707186,2.4146353461570036,-2.884029136246538
1,B->M,1787379407.064988,43.57196942198789,53.9,-2.305099379383909,2.409788092265187,-2.884373684035708
1,B->M,1787379407.2026308,43.709612744976766,54.0,-2.3235164942625053,2.4049466680158904,-2.884626795978968
1,B->M,1787379407.279975,43.78695597394835,54.1,-2.3419338978441204,2.4001095532293517,-2.884764076685135
1,B->M,1787379407.2924554,43.7994361819583,54.1,-2.3603512895673004,2.39527414217235,-2.8847940688352915
1,B->M,1787379407.3037078,43.810688851983286,54.1,-2.378768635169859,2.3904381850574707,-2.884700276235201
1,B->M,1787379407.4404132,43.94739488797495,54.2,-2.3971856444811057,2.385599508017903,-2.884481532276937
1,B->M,1787379407.577088,44.0840690509649,54.3,-2.4156014860910098,2.3807561439430476,-2.8841420029509126
1,B->M,1787379407.7148411,44.22182251897175,54.4,-2.4340147182241556,2.3759058679763885,-2.8836980978759894
1,B->M,1787379407.7284274,44.23540843196679,54.5,-2.4524246741014935,2.3710468262425874,-2.883137395172584
1,B->M,1787379407.7402654,44.24724682094529,54.5,-2.470830933452797,2.3661765162841117,-2.8824136047446633
1,B->M,1787379407.7510083,44.25798892497551,54.5,-2.489233244836618,2.361291754177118,-2.88156745511657
1,B->M,1787379407.8876543,44.394635971984826,54.6,-2.507631076131743,2.356390918147783,-2.880635794028712
1,B->M,1787379408.0279393,44.53492099797586,54.7,-2.5260231958750614,2.351472076424971,-2.8795272712283864
1,B->M,1787379408.0434027,44.55038346897345,54.7,-2.544408896071009,2.3465322231513546,-2.878295542605954
1,B->M,1787379408.1802056,44.687187507981434,54.8,-2.562787656543847,2.3415685575273035,-2.8769158658595617
1,B->M,1787379408.3207138,44.82769600697793,54.9,-2.581159218847403,2.3365782638002837,-2.875396774429504
1,B->M,1787379408.3968742,44.90385607496137,55.0,-2.599523255741461,2.331559390928362,-2.8737563148367045
1,B->M,1787379408.534791,45.04177253699163,55.1,-2.6178786110511982,2.326509572753584,-2.871983709850598
1,B->M,1787379408.6682007,45.1751833439921,55.2,-2.636224170355872,2.321426684842019,-2.8701374575341765
1,B->M,1787379408.745626,45.25260669295676,55.3,-2.6545595138479605,2.3163096069841043,-2.868213929314515
1,B->M,1787379408.758218,45.265198569977656,55.3,-2.6728846519306244,2.3111568032013325,-2.866217349312057
1,B->M,1787379408.7684243,45.275404917949345,55.3,-2.6911992025197504,2.3059667286101813,-2.8641443271502776
1,B->M,1787379408.8405743,45.347555745975114,55.3,-2.70950274190435,2.3007382889704755,-2.8620048778490155
1,B->M,1787379408.9792562,45.48623761598719,55.4,-2.7277947685340362,2.295470365656951,-2.859802007953696
1,B->M,1787379409.1185646,45.6255459029926,55.5,-2.7460746419440927,2.2901617277471717,-2.8575306880791653
1,B->M,1787379409.2558677,45.76284878695151,55.6,-2.764341921278349,2.284811113763305,-2.8551938212471724
1,B->M,1787379409.3971455,45.904126595996786,55.7,-2.782596524687054,2.279417452258216,-2.852805808805468
1,B->M,1787379409.412981,45.919961909996346,55.8,-2.8008520378990656,2.2740073414700026,-2.8574498320682453
1,B->M,1787379409.4235795,45.93056006095139,55.8,-2.819171312484499,2.2687560569949543,-2.869007682513177
1,B->M,1787379409.433728,45.940708551963326,55.8,-2.8375261288176707,2.2636617472399343,-2.8723526225645624
1,B->M,1787379409.5659132,46.07289393397514,55.9,-2.8558773551778422,2.258592585475663,-2.8711382479512864
1,B->M,1787379409.7040951,46.21107638295507,56.0,-2.874212867734658,2.253488525279467,-2.8681338588867096
1,B->M,1787379409.7801225,46.28710368095199,56.1,-2.8925294852726684,2.2483239222348073,-2.864489167801906
1,B->M,1787379409.794094,46.301075286988635,56.1,-2.9108260919822495,2.24309062844568,-2.8606169839124647
1,B->M,1787379409.867371,46.374351875972934,56.1,-2.929101984525039,2.2377858840616125,-2.856677048674222
1,B->M,1787379410.0040965,46.51107835798757,56.2,-2.9473544879212223,2.2324106444550322,-2.852978853110772
1,B->M,1787379410.1427872,46.649768679984845,56.3,-2.9655968917997177,2.2269831001808416,-2.8511699721224493
1,B->M,1787379410.2822459,46.78922723798314,56.5,-2.983826012054838,2.2215120339099212,-2.8480167734437583
1,B->M,1787379410.2947004,46.80168091197265,56.5,-3.0020350808221847,2.2159798058010356,-2.8443824097486425
1,B->M,1787379410.3045704,46.811551225953735,56.5,-3.0202227966526745,2.2103816124901408,-2.8410194451531647
1,B->M,1787379410.3760114,46.88299291196745,56.5,-3.0384085533048624,2.204746635299362,-2.840782007061572
1,B->M,1787379410.4519148,46.958895794989076,56.6,-3.056583723049652,2.1990914774029013,-2.8382976481185698
1,B->M,1787379410.589219,47.0962003399618,56.7,-3.0747400336521125,2.1933848175049797,-2.834969905006663
1,B->M,1787379410.729179,47.23615999799222,56.8,-3.0928772894697194,2.187617605020868,-2.8319400568321003
1,B->M,1787379410.8666327,47.37361366994446,56.9,-3.1110203393662696,2.181827462170811,-2.8331916562003507
1,B->M,1787379410.8796704,47.38665095198667,57.0,-3.129155612744868,2.176038043183825,-2.8312196975276054
1,B->M,1787379410.8913214,47.398302318993956,57.0,-3.147272597414291,2.170203811195501,-2.8280470543495406
1,B->M,1787379410.9653385,47.472319457971025,57.0,-3.1653716192641133,2.1643115102009,-2.8252066666565425
1,B->M,1787379411.104686,47.611667249992024,57.1,-3.1834832739337906,2.1584092409169946,-2.827850575790781
1,B->M,1787379411.243093,47.75007408898091,57.2,-3.2015889651540363,2.1525270466297943,-2.826308401373248
1,B->M,1787379411.3137002,47.82068098895252,57.3,-3.219676329042358,2.146604730857696,-2.8231970895378717
1,B->M,1787379411.4509082,47.95788934396114,57.4,-3.2377424872290788,2.1406224504771987,-2.8195886608531127
1,B->M,1787379411.587907,48.09488898498239,57.5,-3.255811074254565,2.1345936235724157,-2.822169346288175
1,B->M,1787379411.7257948,48.23277680197498,57.6,-3.2739251352413206,2.1286836485992726,-2.831483897873079
1,B->M,1787379411.8026848,48.309665585984476,57.7,-3.292070592700544,2.1228965789728687,-2.83364341834045
1,B->M,1787379411.8153892,48.322370520967524,57.7,-3.3102071579185193,2.1171145946953884,-2.8313933955750894
1,B->M,1787379411.8266451,48.33362634095829,57.7,-3.328322314726223,2.111280422006484,-2.8276349223319546
1,B->M,1787379411.8372316,48.344212566968054,57.7,-3.346411680042684,2.1053747700471814,-2.8236264791110757
1,B->M,1787379411.9701765,48.47715833096299,57.8,-3.3644875705429103,2.099411620161703,-2.821552319274322
1,B->M,1787379412.0456026,48.55258448794484,57.9,-3.3825449485008234,2.0934008293403195,-2.818049352301198
1,B->M,1787379412.0587783,48.565758933953475,57.9,-3.4005876431115567,2.087332235019474,-2.8167452885873496
1,B->M,1787379412.1971643,48.704145969997626,58.0,-3.418626063905798,2.0812489492265485,-2.815116934415835
1,B->M,1787379412.2730951,48.78007758798776,58.0,-3.4366463936200082,2.0751244767292825,-2.8120609134952184
1,B->M,1787379412.410698,48.91767983196769,58.2,-3.4546614279298273,2.068952841381329,-2.8121719842645425
1,B->M,1787379412.5474918,49.054472516989335,58.3,-3.472685026118792,2.0627980661728667,-2.812855219749164
1,B->M,1787379412.683848,49.19082992395852,58.4,-3.490746406262365,2.056698280142341,-2.82001121466679
1,B->M,1787379412.821055,49.328036691993475,58.5,-3.5088414287127265,2.0507152572642338,-2.8252642527567153
1,B->M,1787379412.897276,49.404257117945235,58.6,-3.5269626327185875,2.0448205303955964,-2.8295554559046896
1,B->M,1787379412.909791,49.41677150299074,58.6,-3.5451042252397436,2.038998127107578,-2.832945515419905
1,B->M,1787379412.9200819,49.42706321598962,58.6,-3.563261996540103,2.0332332376487443,-2.835746119808321
1,B->M,1787379412.9299493,49.43692974495934,58.6,-3.5814328860099747,2.0275162815787264,-2.8380360708229637
1,B->M,1787379413.006413,49.513395018992014,58.7,-3.5996133605090606,2.021836516249775,-2.839716767788395
1,B->M,1787379413.081143,49.588125369977206,58.7,-3.6178004032131317,2.0161837244919703,-2.840790604723962
1,B->M,1787379413.218608,49.72558954794658,58.8,-3.6359908542707857,2.010547245299293,-2.8413248999513496
1,B->M,1787379413.3593113,49.86629254696891,58.9,-3.65418151746912,2.004916926766155,-2.841346450517386
1,B->M,1787379413.4988725,50.00585424795281,59.0,-3.6723686055187557,1.9992823717923918,-2.840612168667819
1,B->M,1787379413.637088,50.14406956394669,59.2,-3.6905485089680696,1.9936301083494303,-2.839293209210338
1,B->M,1787379413.6491597,50.15614028996788,59.2,-3.70871872061553,1.9879513438043368,-2.837470115410652
1,B->M,1787379413.6592453,50.166225871944334,59.2,-3.726874737550131,1.9822342819006717,-2.834907013511614
1,B->M,1787379413.6683915,50.1753720829729,59.2,-3.745013688154825,1.9764677686000818,-2.831922195123509
1,B->M,1787379413.8046975,50.311679466976784,59.3,-3.763131950566904,1.9706436045538718,-2.8283180017329523
1,B->M,1787379413.9420676,50.44904914998915,59.4,-3.781225344326732,1.9647503045352759,-2.824066299134791
1,B->M,1787379414.0813293,50.58831065800041,59.5,-3.7992911403155305,1.9587775801891163,-2.819462453024881
1,B->M,1787379414.219686,50.72666760295397,59.6,-3.8173268194683168,1.9527186235599758,-2.8144054080851295
1,B->M,1787379414.295467,50.802448928996455,59.7,-3.8353296059328805,1.9465655537614055,-2.8088745307524925
1,B->M,1787379414.3070383,50.8140190479462,59.7,-3.8532962870781797,1.9403106123313736,-2.802939665446505
1,B->M,1787379414.3179963,50.824977686977945,59.7,-3.8712233199294577,1.9339463829637118,-2.7966000941329154
1,B->M,1787379414.3896277,50.89660878496943,59.7,-3.889107907264053,1.9274660322458685,-2.789886430178786
1,B->M,1787379414.527833,51.03481516294414,59.9,-3.906947663391633,1.920863007512321,-2.7828578219242206
1,B->M,1787379414.6656451,51.17262682097498,60.0,-3.924739830013164,1.9141324604424976,-2.775520054589753
1,B->M,1787379414.8044312,51.311412351962645,60.1,-3.9424809117773214,1.9072700720422682,-2.7679219263545685
1,B->M,1787379414.9421773,51.449158950999845,60.2,-3.9601668535839165,1.9002719713375005,-2.7600721332207585
1,B->M,1787379415.0822182,51.58920016896445,60.3,-3.977833521270803,1.8931565869631566,-2.7604040023410934
1,B->M,1787379415.1685693,51.67555076896679,60.4,-3.99554369862235,1.8861379493060175,-2.768644552937227
1,B->M,1787379415.1783407,51.6853211139678,60.4,-4.013263481140011,1.879195173407259,-2.765559396324811
1,B->M,1787379415.1867156,51.69369604298845,60.4,-4.030930979356671,1.8721563192194437,-2.757389951622625
1,B->M,1787379415.193953,51.700933405954856,60.4,-4.048532962303914,1.8649636836212307,-2.747938662152885
1,B->M,1787379415.201041,51.708021190948784,60.4,-4.0660631282310495,1.8576005468602605,-2.7379346604140613
1,B->M,1787379415.2075005,51.71448100794805,60.4,-4.083521264222412,1.8500591369920425,-2.727811829456211
1,B->M,1787379415.3425112,51.849492508976255,60.5,-4.100905250331353,1.8423417942742568,-2.717973044053904
1,B->M,1787379415.48015,51.98713163897628,60.6,-4.1182251411561,1.834453719264905,-2.709246309656942
1,B->M,1787379415.6178184,52.124800622987095,60.7,-4.135468711591568,1.8264241164105277,-2.700545646587066
1,B->M,1787379415.7552068,52.262188712949865,60.8,-4.1526366110844,1.8182421845525696,-2.691388871488554
1,B->M,1787379415.7705786,52.27755945199169,60.9,-4.169748526036637,1.809902093834109,-2.684186168076506
1,B->M,1787379415.7825778,52.289558690972626,60.9,-4.1867887286872625,1.8014555077032932,-2.6770338955099273
1,B->M,1787379415.9188693,52.42585035599768,61.0,-4.203762562515883,1.7928802014806648,-2.6690034278900057
1,B->M,1787379416.059654,52.56663541594753,61.1,-4.220667875747585,1.7841672509553181,-2.6609362309624043
1,B->M,1787379416.136376,52.643356450949796,61.2,-4.237534832282178,1.7753159671219025,-2.655775851470536
1,B->M,1787379416.2143724,52.72135403496213,61.3,-4.254345943038446,1.7663995393188292,-2.6508043760322035
1,B->M,1787379416.2892208,52.79620243696263,61.3,-4.27110547108832,1.7573898826926273,-2.644617244370052
1,B->M,1787379416.3041456,52.81112656497862,61.3,-4.287809205086026,1.748273825228976,-2.638304496254319
1,B->M,1787379416.4413111,52.948292486951686,61.4,-4.304458261017047,1.7390540154713565,-2.6323450806880118
1,B->M,1787379416.5783427,53.08532412396744,61.5,-4.321086766136995,1.729736504780417,-2.6301102130508665
1,B->M,1787379416.6541095,53.16109028598294,61.6,-4.337682781679018,1.7204087740452527,-2.628234544569214
1,B->M,1787379416.7923207,53.29930279997643,61.7,-4.354247856362894,1.711041365575924,-2.6248470880072676
1,B->M,1787379416.9337125,53.44069428095827,61.8,-4.370778609165634,1.7016173304491882,-2.621459398365133
1,B->M,1787379417.0713766,53.578358394966926,61.9,-4.387280038164948,1.6921393388083676,-2.6184696851856324
1,B->M,1787379417.1492472,53.65622818795964,62.0,-4.40375736288475,1.682613526983131,-2.6160032768813375
1,B->M,1787379417.16222,53.669201546988916,62.0,-4.420217659957951,1.6730507602904081,-2.6142695049674827
1,B->M,1787379417.1736841,53.680664904997684,62.0,-4.4366674517185745,1.6634624762025458,-2.613258035189098
1,B->M,1787379417.183775,53.69075582898222,62.0,-4.45311386762469,1.6538607868942028,-2.613040490269231
1,B->M,1787379417.319498,53.8264790699468,62.1,-4.46956394236511,1.644258344324637,-2.6135239114077264
1,B->M,1787379417.4571161,53.964098043972626,62.2,-4.486023848555575,1.6346678115095212,-2.6147408918081774
1,B->M,1787379417.5951095,54.10209189495072,62.3,-4.502507440347136,1.625098200133217,-2.6170222089155732
1,B->M,1787379417.6087258,54.11570728098741,62.4,-4.519035776505513,1.6155937173213153,-2.6231142463242803
1,B->M,1787379417.6217282,54.12870933499653,62.4,-4.5356002148476655,1.606185223428826,-2.6274980604901863
1,B->M,1787379417.6321232,54.139104414964095,62.4,-4.552201680997294,1.5968472831097287,-2.6315247580522585
1,B->M,1787379417.7684174,54.27539884496946,62.4,-4.568842108156725,1.5875765473931975,-2.6357380189785746
1,B->M,1787379417.9064522,54.41343388397945,62.5,-4.585534196636758,1.5783744293381274,-2.6407879129402194
1,B->M,1787379418.0464947,54.55347646394512,62.7,-4.602301342614828,1.569283809533238,-2.650024514053784
1,B->M,1787379418.1853588,54.69234077894362,62.8,-4.619133238095273,1.5603387268549929,-2.6570663243466894
1,B->M,1787379418.3222456,54.82922744896496,62.9,-4.636023379711645,1.551505575454883,-2.66333036603675
1,B->M,1787379418.460652,54.96763429394923,63.0,-4.652968997810329,1.5427762458169019,-2.6694555281807375
1,B->M,1787379418.5372546,55.04423566599144,63.1,-4.669993071924102,1.534157009515411,-2.6792954202870956
1,B->M,1787379418.550394,55.05737468897132,63.1,-4.687098431383435,1.5257248268290822,-2.6889799698717356
1,B->M,1787379418.5618858,55.06886644999031,63.1,-4.704268268836575,1.517444676049129,-2.6965290824984964
1,B->M,1787379418.5715168,55.07849730498856,63.1,-4.721493162963208,1.509290034636556,-2.703360944608985
1,B->M,1787379418.6443622,55.151344163983595,63.1,-4.738777588483299,1.5012516348186316,-2.710751511279764
1,B->M,1787379418.6582675,55.16524835297605,63.2,-4.756157444549265,1.49338262062832,-2.7238266782202003
1,B->M,1787379418.7940319,55.30101344996365,63.3,-4.773614118069574,1.4857146693963366,-2.732773737824835
1,B->M,1787379418.8693366,55.37631742795929,63.3,-4.791129602364259,1.4781919762319038,-2.740085913208922
1,B->M,1787379419.0068612,55.51384217996383,63.4,-4.808700002224145,1.4707940253254865,-2.7476565941666102
1,B->M,1787379419.1438134,55.6507945189951,63.5,-4.826367209464626,1.463601727076815,-2.7666576886770757
1,B->M,1787379419.28128,55.78826206899248,63.6,-4.844160359615923,1.456746091173788,-2.7827969010006597
1,B->M,1787379419.3580782,55.86505923396908,63.8,-4.862044157777309,1.4501221061774485,-2.7919646235491937
1,B->M,1787379419.3719654,55.878946399956476,63.8,-4.879969775009874,1.4436414903876287,-2.7980668140846783
1,B->M,1787379419.508917,56.01589796197368,63.8,-4.897925881908892,1.4372606878346361,-2.802872710392632
1,B->M,1787379419.5228894,56.02987110696267,63.9,-4.915902237457647,1.4309658923001567,-2.807510079381289
1,B->M,1787379419.5352495,56.04223016696051,63.9,-4.933918563211509,1.4247696983902074,-2.8141765651530224
1,B->M,1787379419.6714833,56.17846505896887,64.0,-4.951975093881539,1.418678544562437,-2.8189732748469942
1,B->M,1787379419.8122187,56.31920047994936,64.1,-4.970056453796843,1.4126686128103303,-2.8229509108151616
1,B->M,1787379419.8885543,56.39553562999936,64.2,-4.988158740194128,1.4067268655718912,-2.82637999624278
1,B->M,1787379419.9664922,56.473473507969175,64.3,-5.006273197135294,1.4008608359528731,-2.83270860646106
1,B->M,1787379420.0404084,56.547389386978466,64.3,-5.02444566300238,1.3951130560374327,-2.83839041212203
1,B->M,1787379420.0535655,56.56054637796478,64.3,-5.042638935347867,1.3894527172802378,-2.841913261195732
1,B->M,1787379420.1907296,56.6977113019675,64.4,-5.060846608649165,1.3838496882271187,-2.8444695362818386
1,B->M,1787379420.3281062,56.835088723979425,64.5,-5.079065433930822,1.3782893385003543,-2.846518630488139
1,B->M,1787379420.4041858,56.911167454964016,64.6,-5.097293675803118,1.3727638711935963,-2.84822257107279
1,B->M,1787379420.4802017,56.98718337295577,64.7,-5.115529689504961,1.3672671629124702,-2.849566804495229
1,B->M,1787379420.5547194,57.06170065194601,64.7,-5.133772091055119,1.3617938014101256,-2.850710852127157
1,B->M,1787379420.692196,57.19917754898779,64.8,-5.152019436379688,1.3563399247807593,-2.8516423424420076
1,B->M,1787379420.7693174,57.27629914897261,64.9,-5.170270879165436,1.3509017441050435,-2.8524227201025
1,B->M,1787379420.7830305,57.29001180594787,64.9,-5.188525163141747,1.3454760826936514,-2.852881111291699
1,B->M,1787379420.7960458,57.30302713799756,64.9,-5.206780932005311,1.3400573488722785,-2.8531282691102025
1,B->M,1787379420.9330235,57.440005045966245,65.0,-5.225037341485705,1.3346421528292947,-2.85323490074562
1,B->M,1787379421.072171,57.57915266597411,65.1,-5.243292827061065,1.329226874823653,-2.853045748128955
1,B->M,1787379421.1482718,57.65525389194954,65.2,-5.261546053429117,1.3238068744043658,-2.85265949894842
1,B->M,1787379421.1612747,57.668255338969175,65.2,-5.279795861174185,1.318378610096271,-2.8520139300378173
1,B->M,1787379421.2972414,57.80422228196403,65.3,-5.298041173068382,1.3129371178959541,-2.851157923662996
1,B->M,1787379421.3727586,57.879739488998894,65.4,-5.316280905959301,1.3074784898660265,-2.8501046863301975
1,B->M,1787379421.3854535,57.89243411994539,65.4,-5.334513779256513,1.3019992232626945,-2.848862859403189
1,B->M,1787379421.5214837,58.02846552996198,65.5,-5.352738924838582,1.296496523200432,-2.847457515085508
1,B->M,1787379421.658665,58.16564680199372,65.6,-5.370955379015651,1.2909672127021736,-2.845868799188517
1,B->M,1787379421.7345018,58.24148296896601,65.7,-5.3891621986394584,1.2854077740546812,-2.844117158827295
1,B->M,1787379421.8102252,58.31720646994654,65.8,-5.4073584560949985,1.2798151835420883,-2.842197539887491
1,B->M,1787379421.8844867,58.39146948995767,65.8,-5.425543473985752,1.274186745132173,-2.8401287305306386
1,B->M,1787379421.8988862,58.40586707595503,65.8,-5.443716169712655,1.268519779987936,-2.8379084765326055
1,B->M,1787379422.0361266,58.543108204961754,65.9,-5.461875211094296,1.262811282121734,-2.8355213705677293
1,B->M,1787379422.1141655,58.621147163969,66.0,-5.480019551866737,1.2570586237804178,-2.832988622573916
1,B->M,1787379422.1268618,58.63384350197157,66.0,-5.498148364967028,1.251259223012662,-2.8303172845318914
1,B->M,1787379422.2630792,58.770061357994564,66.1,-5.516260930330238,1.2454109880779964,-2.827564885090235
1,B->M,1787379422.4010236,58.90800560597563,66.2,-5.534356878470018,1.239512278099014,-2.824726446012447
1,B->M,1787379422.477924,58.984905315970536,66.3,-5.552435803727813,1.2335614456392623,-2.821809836809546
1,B->M,1787379422.6136498,59.12063166196458,66.3,-5.5704970365570965,1.2275575789004023,-2.818822744931078
1,B->M,1787379422.752415,59.25939655897673,66.5,-5.588539962451418,1.2214994580463443,-2.815755898357632
1,B->M,1787379422.8899498,59.39693184295902,66.6,-5.6065688527532975,1.2154109539556825,-2.8188929292956035
1,B->M,1787379422.9035265,59.41050771897426,66.6,-5.624664640595847,1.2094442322012822,-2.82856316106401
1,B->M,1787379422.9150674,59.42204882297665,66.6,-5.642793946780336,1.2036052990745951,-2.8308418533863176
1,B->M,1787379422.9255104,59.432490815990604,66.6,-5.660915278159388,1.197774141223014,-2.828742440048948
1,B->M,1787379423.0614998,59.568481499969494,66.7,-5.679013721459731,1.1918914252521857,-2.824877620525063
1,B->M,1787379423.203064,59.71004571195226,66.8,-5.69708507681418,1.1859338155981365,-2.8203414549245878
1,B->M,1787379423.3407247,59.847705852997024,66.9,-5.715127483498855,1.1798922726656749,-2.8155702868842862
1,B->M,1787379423.479569,59.986550671979785,67.0,-5.733143206632714,1.1737705822622446,-2.812379152983757
1,B->M,1787379423.618612,60.12559382797917,67.1,-5.751145503296685,1.1675960466184385,-2.8089968472204876
1,B->M,1787379423.7571316,60.26411350397393,67.2,-5.769121461606024,1.1613532690213701,-2.8046456371479964
1,B->M,1787379423.8943365,60.40131838998059,67.4,-5.787068187769664,1.155029720222537,-2.7999774094616656
1,B->M,1787379424.0375788,60.544560843962245,67.5,-5.804994111945142,1.1486305084744788,-2.7978596499536996
1,B->M,1787379424.1779315,60.68491280899616,67.6,-5.822911581692491,1.1422016237372783,-2.795414522471567
1,B->M,1787379424.2542346,60.76121617894387,67.7,-5.840804511518798,1.135716743203038,-2.791354612978131
1,B->M,1787379424.2666495,60.77363097999478,67.7,-5.858667506147425,1.1291552135876763,-2.786736947132557
1,B->M,1787379424.2778232,60.78480397898238,67.7,-5.876513601276091,1.1225215076973876,-2.7856186187548313
1,B->M,1787379424.2874918,60.794472661975306,67.7,-5.894354401376863,1.1158810014196299,-2.784019784087226
1,B->M,1787379424.2962742,60.80325472995173,67.7,-5.912170634801985,1.1091956441091606,-2.7801779710660415
1,B->M,1787379424.3039792,60.81095967796864,67.7,-5.929956737910367,1.102435831530193,-2.775588247244492
1,B->M,1787379424.31056,60.81754064094275,67.7,-5.947716213411293,1.0955938156441938,-2.7715520850121953
1,B->M,1787379424.3173282,60.82430878496962,67.8,-5.965481761185377,1.0887227099499224,-2.7732881699239176
1,B->M,1787379424.3238156,60.83079626399558,67.8,-5.9832351587742565,1.0818559441518272,-2.7707998143515353
1,B->M,1787379424.3289099,60.835890183981974,67.8,-6.000961876759436,1.0749327303280587,-2.7667134887403577
1,B->M,1787379424.463662,60.970643381995615,67.8,-6.018657766717566,1.0679324364632516,-2.7620627469068078
1,B->M,1787379424.6029232,61.10990533599397,67.9,-6.036348857676057,1.0608661438473648,-2.7636990960222705
1,B->M,1787379424.7424343,61.24941540096188,68.0,-6.054083007175627,1.0539041083748573,-2.7722638718140633
1,B->M,1787379424.8798165,61.386798630992416,68.1,-6.071850020874803,1.0470487982241197,-2.7736886693797542
1,B->M,1787379424.9548154,61.46179748699069,68.2,-6.089601584593511,1.0401862452026827,-2.770562452963743
1,B->M,1787379425.0307748,61.537756428995635,68.3,-6.107321004659257,1.033256031612538,-2.7658575779907797
1,B->M,1787379425.167996,61.674977674963884,68.4,-6.125005395091723,1.026239399156842,-2.7609793051461984
1,B->M,1787379425.308868,61.815848887956236,68.5,-6.142668113266252,1.0191506363110427,-2.758144289404533
1,B->M,1787379425.446264,61.95324541494483,68.6,-6.160305604676435,1.0120035740475788,-2.7540848133560956
1,B->M,1787379425.5827408,62.0897223840002,68.7,-6.177922745711437,1.0047906451856417,-2.7523183358331513
1,B->M,1787379425.7209241,62.227905946958344,68.8,-6.195531401318707,0.9975553944299685,-2.75035899832553
1,B->M,1787379425.8572648,62.36424809397431,68.9,-6.21311927544627,0.9902753095438018,-2.7471993736426685
1,B->M,1787379425.9952116,62.50219346396625,69.0,-6.230697737493699,0.9829478574877641,-2.747196523125784
1,B->M,1787379426.0100453,62.51702574896626,69.1,-6.248281170758362,0.9756341365914818,-2.747038534692607
1,B->M,1787379426.021673,62.52865374495741,69.1,-6.2658506202655175,0.9683049315790109,-2.7451466851924233
1,B->M,1787379426.0323968,62.53937806497561,69.1,-6.283420757216706,0.9609514948204929,-2.7469630668843035
1,B->M,1787379426.0422199,62.549200879991986,69.1,-6.301008338716002,0.9536466767479322,-2.7485515202807593
1,B->M,1787379426.0509794,62.557960209960584,69.1,-6.318594155194018,0.9463521490921399,-2.747885789547436
1,B->M,1787379426.0589225,62.56590309494641,69.1,-6.336196603689721,0.9390556696499833,-2.7516514514971355
1,B->M,1787379426.1950593,62.702040151983965,69.2,-6.353831047647615,0.9318443385823054,-2.75507116832546
1,B->M,1787379426.3351462,62.842127292999066,69.3,-6.371473098115386,0.9246726582941528,-2.755701508528945
1,B->M,1787379426.4725716,62.97955348598771,69.4,-6.389140550245144,0.917527167584823,-2.7620901542920313
1,B->M,1787379426.6094046,63.116386461944785,69.5,-6.4068842699111945,0.9105660906848411,-2.7753792853822596
1,B->M,1787379426.7466953,63.25367594498675,69.7,-6.424698285955087,0.9037959791349428,-2.7815646816708566
1,B->M,1787379426.756613,63.263593718991615,69.7,-6.442532927062535,0.8971027399643929,-2.7835117332380577
1,B->M,1787379426.7653146,63.272295037982985,69.7,-6.460367492370538,0.8904378303565248,-2.784386736837731
1,B->M,1787379426.8360999,63.34308182296809,69.7,-6.4782154367796005,0.8838001729172579,-2.7868863745244234
1,B->M,1787379426.9731693,63.480150692979805,69.8,-6.496075392390101,0.8771998903654341,-2.7887107855468094
1,B->M,1787379427.1106846,63.61766602395801,69.9,-6.513963261637689,0.8706522467794767,-2.7932695176369937
1,B->M,1787379427.2584987,63.76547965995269,70.1,-6.5318778992833835,0.8641728482738609,-2.79609147312124
1,B->M,1787379427.3984709,63.905451980943326,70.2,-6.549807944533871,0.8577548374303018,-2.8016088708990567
1,B->M,1787379427.4745455,63.98152672796277,70.3,-6.567789946573255,0.8514426482666928,-2.8069028098044124
1,B->M,1787379427.4871712,63.994152585975826,70.3,-6.58579598661098,0.8452123989668051,-2.810554799068227
1,B->M,1787379427.4981482,64.00512888096273,70.3,-6.603817746131855,0.839049144433679,-2.8145312237599858
1,B->M,1787379427.5085282,64.0155086289742,70.3,-6.621890624392094,0.8329954508073316,-2.8233665331906472
1,B->M,1787379427.6447,64.15168111299863,70.4,-6.640006806244457,0.8270751769951649,-2.8288262392177352
1,B->M,1787379427.780543,64.28752367099514,70.5,-6.658148064376357,0.8212451145589326,-2.8331148855973947
1,B->M,1787379427.915806,64.4227872499614,70.6,-6.676312692764241,0.8155130946141611,-2.841986171551218
1,B->M,1787379427.9919243,64.49890512297861,70.7,-6.694551942881022,0.8099530386529314,-2.8503572754196935
1,B->M,1787379428.0053403,64.51232121000066,70.7,-6.712821403881663,0.8045233118557891,-2.855892623035698
1,B->M,1787379428.0171387,64.52411931194365,70.7,-6.73111582764785,0.799188145942103,-2.8605577132505564
1,B->M,1787379428.1542485,64.6612302059657,70.8,-6.749433874575368,0.7939368604729312,-2.8650285511171667
1,B->M,1787379428.2899725,64.79695340397302,70.9,-6.767775641140086,0.7887675717307449,-2.869582488095962
1,B->M,1787379428.4288652,64.93584657995962,71.0,-6.786141153963765,0.7836824312316208,-2.8742302044069423
1,B->M,1787379428.5061867,65.01316870894516,71.1,-6.804530449401379,0.7786836596488043,-2.87898482370108
1,B->M,1787379428.5202534,65.02723474300001,71.1,-6.822943326587878,0.773772876806058,-2.883821019733641
1,B->M,1787379428.5310814,65.03806289698696,71.1,-6.841380041787192,0.7689510122250797,-2.888704393478423
1,B->M,1787379428.6682968,65.1752796319779,71.2,-6.8598410015105715,0.7642192796895293,-2.8935908109765727
1,B->M,1787379428.805557,65.31253815395758,71.3,-6.878325784672364,0.7595779047159446,-2.898464508862918
1,B->M,1787379428.8814015,65.38838266598759,71.4,-6.896832816233346,0.7550263957739456,-2.9032997349008673
1,B->M,1787379428.8948085,65.40178946999367,71.4,-6.915360568570639,0.7505636365234689,-2.9080627828949757
1,B->M,1787379428.9683998,65.47538181598065,71.4,-6.933908214993217,0.7461881766155519,-2.9126730097281928
1,B->M,1787379429.1053984,65.61237960297149,71.6,-6.9524751053156795,0.7418974017443764,-2.9171051080193333
1,B->M,1787379429.115573,65.62255349499173,71.6,-6.971060117829827,0.7376880586918393,-2.9213515629537476
1,B->M,1787379429.1864998,65.69348088197876,71.6,-6.989660550121723,0.7335552213847344,-2.9252363716715264
1,B->M,1787379429.3237681,65.83074924896937,71.7,-7.008274317806173,0.729492183135906,-2.928765049790695
1,B->M,1787379429.4016967,65.90867812698707,71.8,-7.026899983817515,0.7254921535951162,-2.9318506236934803
1,B->M,1787379429.4776266,65.98460799694294,71.8,-7.045537137706268,0.7215471799363377,-2.934620004744185
1,B->M,1787379429.6137772,66.12075823696796,72.0,-7.064184181921469,0.7176500580529989,-2.9368333181620874
1,B->M,1787379429.7515194,66.25850135699147,72.1,-7.082837943517241,0.7137897555041184,-2.9384364709454607
1,B->M,1787379429.8902025,66.39718431397341,72.2,-7.101495933381061,0.7099574643078829,-2.939667521195603
1,B->M,1787379430.02668,66.53366210998502,72.3,-7.120154397749335,0.7061439679545093,-2.9401946691946903
1,B->M,1787379430.1024308,66.60941173497122,72.4,-7.138811604722684,0.7023359200494501,-2.9401691645461283
1,B->M,1787379430.1146877,66.62166842399165,72.4,-7.157465874709273,0.6985234664304069,-2.939512589178562
1,B->M,1787379430.1254873,66.63246788195102,72.4,-7.1761136710570055,0.6946933378557846,-2.9380416593038072
1,B->M,1787379430.1351988,66.64217909198487,72.4,-7.194752522949062,0.690832324375388,-2.9359482406307125
1,B->M,1787379430.2121305,66.71911141899182,72.5,-7.213378516722628,0.6869271229132637,-2.9330219653589342
1,B->M,1787379430.286197,66.79317819298012,72.5,-7.231989438180157,0.682962269108152,-2.9294075454300565
1,B->M,1787379430.4225109,66.92949295596918,72.6,-7.250584047257368,0.6789261735898352,-2.9252193247405724
1,B->M,1787379430.499307,67.00628805794986,72.7,-7.269159789898897,0.6748070233491829,-2.9203524843024957
1,B->M,1787379430.5741723,67.08115329098655,72.7,-7.2877126551386,0.6705931849214095,-2.9147686454045862
1,B->M,1787379430.7119267,67.21890798397362,72.8,-7.306238278440517,0.6662719580026384,-2.9085644059398827
1,B->M,1787379430.8489985,67.3559804209508,72.9,-7.324732890279411,0.6618316818978788,-2.9017255671375937
1,B->M,1787379430.9865763,67.49355792894494,73.0,-7.343192710422653,0.6572598159719973,-2.894119790365943
1,B->M,1787379431.0006843,67.50766513694543,73.1,-7.361614399691805,0.6525433143903608,-2.885909471497456
1,B->M,1787379431.01163,67.518610737985,73.1,-7.379994642230394,0.6476727649726072,-2.8772256005196666
1,B->M,1787379431.085539,67.59252012497745,73.1,-7.398328719565916,0.6426385775045628,-2.8679297451341146
1,B->M,1787379431.1628797,67.66986049700063,73.2,-7.416612939527267,0.6374312467058328,-2.8581818782779322
1,B->M,1787379431.3025835,67.80956466699718,73.3,-7.4348431082581925,0.6320420368790746,-2.8479238171060177
1,B->M,1787379431.4360073,67.94298850698397,73.4,-7.453015613884535,0.626463758615888,-2.837343871477566
1,B->M,1787379431.574459,68.08144052996067,73.5,-7.471126131029569,0.620691340907695,-2.8263983540550415
1,B->M,1787379431.5889509,68.09593153896276,73.6,-7.489170554132047,0.6147185118713521,-2.8151443078389464
1,B->M,1787379431.6003041,68.10728489194298,73.6,-7.507145272982312,0.6085408517467877,-2.803623180878182
1,B->M,1787379431.6728718,68.17985313799,73.6,-7.525047103749463,0.6021548697225572,-2.7919197480605202
1,B->M,1787379431.8080711,68.31505247595487,73.7,-7.542872684891635,0.5955586732877562,-2.7800444332290195
1,B->M,1787379431.94543,68.4524113079533,73.8,-7.560618243610204,0.588749918053894,-2.7680307678941807
1,B->M,1787379432.0831907,68.59017232595943,73.9,-7.578280877558916,0.5817274838697295,-2.7559501984454164
1,B->M,1787379432.2210755,68.72805655898992,74.0,-7.59585834928184,0.5744908070858301,-2.743821273449806
1,B->M,1787379432.361019,68.8680000519962,74.1,-7.613348130544677,0.5670406432102177,-2.7316780223874733
1,B->M,1787379432.4994173,69.00639891094761,74.2,-7.630746496833065,0.5593784185943601,-2.7195588873286876
1,B->M,1787379432.5134258,69.02040657500038,74.3,-7.648049440244983,0.5515071650387185,-2.7075016596472805
1,B->M,1787379432.5255494,69.03253007598687,74.3,-7.665254384104005,0.5434293247120128,-2.6955348651308406
1,B->M,1787379432.5362418,69.04322307097027,74.3,-7.682360866381838,0.5351468074619583,-2.683722513607762
1,B->M,1787379432.546647,69.05362755898386,74.3,-7.699369720754791,0.5266631521179532,-2.672075619363553
1,B->M,1787379432.6201327,69.12711318494985,74.4,-7.716281413333206,0.5179826823870136,-2.6606336720192645
1,B->M,1787379432.6953754,69.20235650398536,74.4,-7.7330954522812885,0.5091098067492921,-2.64941582214467
1,B->M,1787379432.831525,69.33850669895764,74.5,-7.749811602071615,0.5000494249408706,-2.6384584053698688
1,B->M,1787379432.9074845,69.4144651699462,74.6,-7.766430699441255,0.49080685383661915,-2.6277873959685087
1,B->M,1787379432.9826157,69.48959699395346,74.6,-7.782953644118273,0.4813876953552558,-2.6173882401972715
1,B->M,1787379433.1220353,69.62901647994295,74.7,-7.799380475396948,0.47179813323354225,-2.6072579554331146
1,B->M,1787379433.1360574,69.64303793397266,74.8,-7.815709986937456,0.4620446288430445,-2.5973884101619507
1,B->M,1787379433.2151377,69.72211894195061,74.8,-7.831740896613613,0.4523026762809237,-2.597137610856528
1,B->M,1787379433.3561068,69.86308790399926,74.9,-7.847695887152086,0.4427322966834309,-2.6059776116711486
1,B->M,1787379433.4952407,70.00222177198157,75.0,-7.863247764315886,0.43348962262684326,-2.602221483094342
1,B->M,1787379433.5717502,70.07873168494552,75.1,-7.87828082965527,0.4244188376885445,-2.5932816666905745
1,B->M,1787379433.6498811,70.15686207596445,75.2,-7.893074226396188,0.41529940913096675,-2.5827326035218428
1,B->M,1787379433.661988,70.16896893497324,75.2,-7.90721745455461,0.4063684767040674,-2.572367080065182
1,B->M,1787379433.7343552,70.24133618595079,75.2,-7.920991486324217,0.39748051130920886,-2.5635033242494063
1,B->M,1787379433.8716035,70.37858455494279,75.3,-7.934327297639344,0.3887197438398637,-2.556371571473886
1,B->M,1787379434.0097716,70.51675604499178,75.4,-7.947233044630031,0.3801145364847228,-2.549310645119021
1,B->M,1787379434.1480951,70.65507630695356,75.6,-7.959800113482234,0.37160260029055087,-2.541918668078486
1,B->M,1787379434.2863083,70.79329002695158,75.7,-7.9723789404817795,0.36295338955225726,-2.5361949735810843
1,B->M,1787379434.4258387,70.93281959398882,75.8,-7.984152540601196,0.35477955848118176,-2.532280148890714
1,B->M,1787379434.5019279,71.00890881096711,75.9,-7.9956954715498,0.3466850625323685,-2.5266829786548195
1,B->M,1787379434.514972,71.02195241098525,75.9,-8.006918729958338,0.33871646222930796,-2.5205633065916286
1,B->M,1787379434.5272193,71.03419976995792,75.9,-8.017717047576669,0.330949774470517,-2.514494763218099
1,B->M,1787379434.537761,71.04474208899774,75.9,-8.028371001610155,0.3231895342488014,-2.5086056706883153
1,B->M,1787379434.5465634,71.05354404094396,75.9,-8.03863257002665,0.31562321905272284,-2.502988723886022
1,B->M,1787379434.5542815,71.06126239598962,75.9,-8.04860154020325,0.3081879043615862,-2.4977035348904573
1,B->M,1787379434.6907463,71.197728189989,76.0,-8.058384246417408,0.3008133565897699,-2.492690403828658
1,B->M,1787379434.828791,71.3357724219677,76.1,-8.067781988374243,0.2936566685391131,-2.487976938229409
1,B->M,1787379434.9063566,71.41333830496296,76.2,-8.076950624090658,0.2866068577991037,-2.483548436841997
1,B->M,1787379435.0432582,71.55023977399105,76.3,-8.08586811294384,0.2796884421019455,-2.479389805401075
1,B->M,1787379435.1794062,71.68638794799335,76.4,-8.094626241058192,0.2728372255055794,-2.475448510848144
1,B->M,1787379435.2555985,71.76257943100063,76.5,-8.103073456040171,0.2661771176976726,-2.4717313842723407
1,B->M,1787379435.3330936,71.84007459098939,76.6,-8.111266574031573,0.2596683417567268,-2.468248724307405
1,B->M,1787379435.4078321,71.91481370298425,76.6,-8.119216013137544,0.2533088238540096,-2.4649817274487047
1,B->M,1787379435.4834125,71.99039423000067,76.7,-8.12705018105628,0.2470010903318064,-2.4618898822338457
1,B->M,1787379435.6264386,72.13342015095986,76.8,-8.13843123731524,0.23776710753198635,-2.4575320934517797
1,B->M,1787379435.6454403,72.15242170897545,76.8,-8.149332370074069,0.22884570605881305,-2.453560074593137
1,B->M,1787379435.848129,72.35511145496275,76.9,-8.159788077469193,0.2202224228364985,-2.4498998773360383
1,B->M,1787379435.9928386,72.49981942394515,77.1,-8.169791381866967,0.2119122881484055,-2.446545383228169
1,B->M,1787379436.0748656,72.58184752898524,77.1,-8.179484229666047,0.20380718988083013,-2.443444802208647
1,B->M,1787379436.2817278,72.78870949597331,77.3,-8.188688949854656,0.19606317853845787,-2.4405778778917093
1,B->M,1787379436.4287972,72.93577867996646,77.5,-8.197649566717901,0.1884821502652656,-2.4379105079874
1,B->M,1787379436.5089636,73.01594497595215,77.5,-8.206213875496951,0.18119793047160812,-2.435426072532044
1,B->M,1787379436.7154312,73.22241277596913,77.7,-8.214473150292422,0.17413935261677804,-2.4330957963175517
1,B->M,1787379436.7347476,73.2417282309616,77.7,-8.222432230319072,0.1673055220884095,-2.430909541750622
1,B->M,1787379436.8132617,73.32024402695242,77.7,-8.230046474427619,0.16073932210115502,-2.4288472423697476
1,B->M,1787379437.0868783,73.59385966899572,77.9,-8.239825218654635,0.15226754153660252,-2.426268983239157
1,B->M,1787379437.2413712,73.74835187394638,78.1,-8.249135345282273,0.14416034713329054,-2.4238627224120113
1,B->M,1787379437.3254313,73.8324125019717,78.1,-8.257964633288898,0.13643588600119883,-2.421610489752572
1,B->M,1787379437.541128,74.04810865496984,78.3,-8.266346924760825,0.12906990717431452,-2.4194937527071145
1,B->M,1787379437.7522824,74.25926366396016,78.5,-8.274288565057338,0.12206155380777135,-2.4174927231833667
1,B->M,1787379438.027539,74.53451997297816,78.7,-8.281841123353908,0.11537157798860327,-2.4155895218525196
1,B->M,1787379438.1801672,74.68714802898467,78.8,-8.29483199484909,0.10382261396837028,-2.4158260895280157
1,B->M,1787379438.1927354,74.69971610495122,78.9,-8.30334241718296,0.09629925599437458,-2.421138812595588
1,B->M,1787379438.2122278,74.71920841897372,78.9,-8.312116954132767,0.08868081664144073,-2.435743459378983
1,B->M,1787379438.5570745,75.06405581196304,79.1,-8.321289321504477,0.08101934314438154,-2.4571852912885284
1,B->M,1787379438.7796137,75.28659465699457,79.3,-8.330619483451343,0.07355692133212001,-2.477870511155799
1,B->M,1787379438.9961283,75.5031094289734,79.4,-8.34009241604511,0.06628810099472776,-2.497202642565582
1,B->M,1787379439.218082,75.72506273299223,79.7,-8.349693140540746,0.05920252271560609,-2.515402915381655
1,B->M,1787379439.308683,75.81566442898475,79.7,-8.359417970769432,0.05229112599850362,-2.532766632642661
1,B->M,1787379439.6555204,76.16250150796259,80.0,-8.369257640374435,0.04554681101621691,-2.549552593627939
1,B->M,1787379440.002089,76.50907055096468,80.2,-8.379210468738671,0.03896616602907103,-2.5661090870340524
1,B->M,1787379440.0961163,76.60309696098557,80.3,-8.389275107880655,0.032548789734681755,-2.582667197804244
2,M->A,1787379445.368365,0.07401339203352109,84.6,-8.419498612666649,0.015045666048378857,3.0386287781798456
2,M->A,1787379450.9778652,5.683512307994533,89.1,-8.416170672788773,0.02469742379671281,1.1121590260012157
2,M->A,1787379451.1226645,5.828311544028111,89.2,-8.410022329537668,0.03659494890366168,1.0689994323736673
2,M->A,1787379451.205013,5.910660343011841,89.3,-8.403275192884971,0.048440273430666786,1.0321942367549912
2,M->A,1787379451.3481061,6.053753266984131,89.4,-8.395968839247088,0.06035792573934633,1.0042620926778225
2,M->A,1787379451.4305084,6.136155766027514,89.5,-8.388183786540178,0.07217370332215481,0.9635797723620552
2,M->A,1787379451.5095391,6.215186877991073,89.5,-8.379910776132789,0.0836204261722582,0.9209835887581542
2,M->A,1787379451.714668,6.42031511903042,89.7,-8.370980878542037,0.09498217131838618,0.8865953544398504
2,M->A,1787379451.8601732,6.565821052005049,89.8,-8.361431474853575,0.10639574995756826,0.8566697441299895
2,M->A,1787379451.9360316,6.641678520012647,89.9,-8.354770355883392,0.11392276181854875,0.8305738947506903
2,M->A,1787379451.9482515,6.653898880991619,89.9,-8.347938566501114,0.12123306094571562,0.8035930135549162
2,M->A,1787379452.0215485,6.727195803017821,89.9,-8.340790845263347,0.12848490157743092,0.776798315520953
2,M->A,1787379452.1581337,6.863780958985444,90.0,-8.333370947175036,0.1356313780682099,0.7528126859159964
2,M->A,1787379452.2952344,7.00088228401728,90.1,-8.325671620885503,0.14269704596858457,0.7280528346174092
2,M->A,1787379452.4322734,7.137921427027322,90.2,-8.317632012992357,0.14974273705843869,0.709450243658251
2,M->A,1787379452.4453685,7.151015538023785,90.3,-8.309285018885985,0.15680063141483738,0.6916154725238296
2,M->A,1787379452.4570346,7.162681327026803,90.3,-8.300665788526658,0.16381218613538642,0.6709206158765478
2,M->A,1787379452.5298018,7.23544961301377,90.3,-8.291779220391197,0.1707338276115205,0.649619159090937
2,M->A,1787379452.6659606,7.371608395013027,90.4,-8.282605549565886,0.17757086341745362,0.6286744276004084
2,M->A,1787379452.8027236,7.50837059301557,90.5,-8.273148809277412,0.18431994110002856,0.6084979780784746
2,M->A,1787379452.9433587,7.649006073013879,90.6,-8.26334883716407,0.19102539487690998,0.5892406958165978
2,M->A,1787379453.0812008,7.786848152987659,90.8,-8.25359157708775,0.1974289001013942,0.5699347087529166
2,M->A,1787379453.218696,7.924343422986567,90.9,-8.243133213246052,0.20400281313800203,0.5499830611635596
2,M->A,1787379453.3563533,8.062000615987927,91.0,-8.232371923003617,0.21047734104608162,0.5305958381444336
2,M->A,1787379453.4951582,8.200806012027897,91.1,-8.221202611888422,0.21690086695197547,0.5104397163572033
2,M->A,1787379453.6351945,8.340842087985948,91.2,-8.203634965448472,0.22643319099735476,0.48081070071566534
2,M->A,1787379453.7117312,8.417377998994198,91.3,-8.191249906709917,0.2327349835826915,0.4571020870351442
2,M->A,1787379453.7252834,8.43093058600789,91.3,-8.178403976945686,0.23891033364229455,0.43738908647319497
2,M->A,1787379453.737155,8.442802058998495,91.3,-8.164681188587442,0.24517292676283853,0.41569530287847317
2,M->A,1787379453.7469575,8.452604254009202,91.3,-8.150250776792877,0.25139569659168653,0.3969585867663722
2,M->A,1787379453.7560601,8.461707045033108,91.3,-8.135026086310113,0.2576225823867478,0.3769708946787925
2,M->A,1787379453.7643661,8.470012615027372,91.3,-8.11909289945862,0.2637454434647771,0.35283870888291596
2,M->A,1787379453.771672,8.477318799006753,91.4,-8.101436352248337,0.2700405514628058,0.328893326024556
2,M->A,1787379453.7785017,8.484148196992464,91.4,-8.083373008094096,0.27604561719661574,0.31097503154968364
2,M->A,1787379453.7844265,8.49007314798655,91.4,-8.065198790837849,0.2817614609003583,0.2967202218259235
2,M->A,1787379453.92009,8.625737071037292,91.4,-8.046934321930607,0.2872162969727714,0.2817983846692274
2,M->A,1787379454.0577765,8.763423583004624,91.5,-8.028551594338776,0.29242177702127675,0.2666088654820132
2,M->A,1787379454.1956398,8.901287119020708,91.6,-8.010113627757443,0.29730111041775603,0.24759002513357362
2,M->A,1787379454.3325868,9.038233696017414,91.8,-7.991624191794151,0.301853483414234,0.2337063248997555
2,M->A,1787379454.407212,9.112859305983875,91.8,-7.973090173901601,0.3061915963037569,0.22556348521283354
2,M->A,1787379454.54117,9.246816711034626,91.9,-7.954514493297336,0.3104088303786987,0.22067704469875857
2,M->A,1787379454.6790578,9.384705614007544,92.0,-7.935902633129998,0.3145289284106483,0.21438576982157237
2,M->A,1787379454.8157063,9.521353479998652,92.1,-7.917299026868495,0.318551733748979,0.2117740938676657
2,M->A,1787379454.9528036,9.658450593007728,92.3,-7.898677809635172,0.3225429456286809,0.21081749413495762
2,M->A,1787379455.0902243,9.795872102025896,92.4,-7.880007177711773,0.32648003919594204,0.20251743594102
2,M->A,1787379455.2258496,9.931496470991988,92.5,-7.861864261460493,0.330141458999001,0.19473001509998555
2,M->A,1787379455.3656745,10.071321978000924,92.6,-7.846992490002802,0.3330451363319636,0.1908352929684509
2,M->A,1787379455.4426877,10.148334680008702,92.7,-7.8329904021881065,0.3357452618625139,0.19138419926553316
2,M->A,1787379455.4540918,10.159738736983854,92.7,-7.8189958162566615,0.3384751323222827,0.19550214390559323
2,M->A,1787379455.464902,10.170548589027021,92.7,-7.805007209324147,0.3412750245305814,0.2013889893627394
2,M->A,1787379455.4750054,10.180652162001934,92.7,-7.791027520781929,0.34415501421909733,0.20632689395220297
2,M->A,1787379455.4837399,10.189386543992441,92.7,-7.777041766773253,0.347111446841436,0.2108801740925427
2,M->A,1787379455.49196,10.197606867004652,92.7,-7.763103798117717,0.3501215150653452,0.21644921189337957
2,M->A,1787379455.4990761,10.204722683993168,92.7,-7.749134993210462,0.3532245147500967,0.22092757289022716
2,M->A,1787379455.6373515,10.342998990032356,92.8,-7.735226684013588,0.35637330265618977,0.2264059634753921
2,M->A,1787379455.7755575,10.481204988027457,92.9,-7.721277501576605,0.35961361842748885,0.22985872055571177
2,M->A,1787379455.9135816,10.619228822004516,93.0,-7.7073646758708945,0.3628545178742028,0.22748892414664143
2,M->A,1787379456.0507429,10.756390266004018,93.1,-7.6934842253802715,0.36607039276542314,0.2295050272974557
2,M->A,1787379456.1275418,10.833188706019428,93.2,-7.679628179144673,0.3693432080966066,0.23684207668187765
2,M->A,1787379456.1481874,10.853834114037454,93.2,-7.665762002682302,0.3727371889715105,0.2446137688227692
2,M->A,1787379456.283773,10.989419956982601,93.3,-7.651935355088594,0.3762326700520691,0.2530343729350661
2,M->A,1787379456.3597193,11.065366303024348,93.4,-7.6375806700755895,0.37997644878649695,0.2590543302196878
2,M->A,1787379456.3731294,11.078776588023175,93.4,-7.619961131398612,0.3846692233183376,0.2614578643884618
2,M->A,1787379456.5106528,11.216300068015698,93.5,-7.601583278161329,0.3896031281382303,0.26457590036482154
2,M->A,1787379456.585911,11.291558177035768,93.5,-7.583256039157787,0.3946263811367003,0.27323026966866204
2,M->A,1787379456.6633997,11.369046471023466,93.6,-7.564945710813515,0.39983825451707544,0.2833983431081647
2,M->A,1787379456.8000398,11.505687093012966,93.7,-7.5467023345834985,0.40523384959764314,0.29467025190129237
2,M->A,1787379456.9381254,11.643773657036945,93.8,-7.528506560048288,0.410826815797145,0.30416684953097384
2,M->A,1787379456.9507961,11.65644292102661,93.9,-7.510343659069231,0.4166068535227317,0.31303795951842267
2,M->A,1787379457.0867863,11.792433982016519,93.9,-7.492260984389771,0.4225267950083665,0.3223770794258943
2,M->A,1787379457.2246842,11.930331627023406,94.1,-7.4741756125932985,0.42859454219960624,0.3247139847990125
2,M->A,1787379457.3613753,12.067022429022472,94.2,-7.456147677773781,0.4346696034130038,0.3266168826173739
2,M->A,1787379457.499326,12.204973132989835,94.3,-7.4381783974323525,0.44081003198818247,0.3347435081970316
2,M->A,1787379457.6369038,12.342551160021685,94.4,-7.420221973798909,0.4471368747394327,0.34444633040320805
2,M->A,1787379457.7153401,12.420986921992153,94.5,-7.402303157080387,0.453635810485024,0.35259752702838915
2,M->A,1787379457.72851,12.434156663017347,94.5,-7.384459026368749,0.460268337928049,0.36163000867947453
2,M->A,1787379457.7398038,12.445450544997584,94.5,-7.366651050348216,0.46705226702033376,0.3681313079311237
2,M->A,1787379457.7500114,12.455657982034609,94.5,-7.348853815547219,0.4739689422590626,0.3732863101334214
2,M->A,1787379457.758883,12.464529638993554,94.5,-7.331115817262602,0.48090450810080176,0.37202273560940835
2,M->A,1787379457.7668536,12.47250035603065,94.5,-7.313406716860342,0.48782092909786334,0.3743829480755268
2,M->A,1787379457.837379,12.543026553990785,94.6,-7.295725988533213,0.49482050934768984,0.3817698233568268
2,M->A,1787379457.9761257,12.681773948017508,94.7,-7.278068275295745,0.5019553861962922,0.3879695935557519
2,M->A,1787379458.1133735,12.819021381030325,94.8,-7.2604614484571695,0.5091844933492793,0.3927651322002943
2,M->A,1787379458.2513444,12.956991703016683,94.9,-7.242858603021681,0.5165206580265199,0.3970668552314672
2,M->A,1787379458.2664285,12.972075573983602,95.0,-7.2253108469062415,0.523908960979053,0.40157490115084493
2,M->A,1787379458.402017,13.107664377021138,95.0,-7.207760367409982,0.5313652349496005,0.4027164349022404
2,M->A,1787379458.4783134,13.183960494992789,95.1,-7.190173068122746,0.5388649509060659,0.4023200176419114
2,M->A,1787379458.4915636,13.197210483020172,95.1,-7.173111667034229,0.5460662066234553,0.3950604067642733
2,M->A,1787379458.6281838,13.333831163996365,95.2,-7.158717521158993,0.5520182907419591,0.389014250549101
2,M->A,1787379458.767685,13.473332236986607,95.3,-7.1444211881347455,0.5578581945275269,0.3881937008588652
2,M->A,1787379458.842929,13.548575889028143,95.4,-7.128446363608611,0.564402041775097,0.38956989295829214
2,M->A,1787379458.9810233,13.68667101598112,95.5,-7.114567135885546,0.5701022111442934,0.39042103879008494
2,M->A,1787379458.9956975,13.701344628992956,95.5,-7.10095355738065,0.5757180463887663,0.3934576826266882
2,M->A,1787379459.0072958,13.71294272202067,95.5,-7.087328258772755,0.5813780407572582,0.3948424244126252
2,M->A,1787379459.1457775,13.85142594203353,95.6,-7.073948133915387,0.5869455836702148,0.3941310629511957
2,M->A,1787379459.2828274,13.988474078010768,95.7,-7.0614245784617875,0.5921360999376523,0.39222838457186315
2,M->A,1787379459.4208324,14.126479761034716,95.8,-7.048846418444464,0.597329273542307,0.38987634743623023
2,M->A,1787379459.558561,14.26420843298547,95.9,-7.036283800099115,0.6024422546076075,0.38196156239716655
2,M->A,1787379459.6932287,14.398876575985923,96.0,-7.023407859451434,0.6075758221817029,0.3769943743708044
2,M->A,1787379459.7103205,14.415967353037558,96.1,-7.010415319033652,0.6127118242581256,0.37697676476300307
2,M->A,1787379459.7226186,14.428265400987584,96.1,-6.997398781801994,0.6178623218904645,0.37740709683827106
2,M->A,1787379459.7333765,14.43902321101632,96.1,-6.9843713573382145,0.6230165135618412,0.3765476256689874
2,M->A,1787379459.8049228,14.510570065001957,96.1,-6.971498980158892,0.628085418639498,0.3739236822328027
2,M->A,1787379459.942135,14.647782330983318,96.2,-6.95919542410392,0.6328859266446715,0.370297956777392
2,M->A,1787379460.0801938,14.785842070996296,96.3,-6.946892654202906,0.6376546893095509,0.3703009233129653
2,M->A,1787379460.0953956,14.801042618986685,96.4,-6.934565974244258,0.6424156736763342,0.3665872258044941
2,M->A,1787379460.1070235,14.812670112005435,96.4,-6.922366466534689,0.6470903845179373,0.36613785549599764
2,M->A,1787379460.2413375,14.946984431007877,96.5,-6.910521156890734,0.6515841133480151,0.35618417283542114
2,M->A,1787379460.3764057,15.082052985031623,96.6,-6.898679686485259,0.6559244458310592,0.34558554025301164
2,M->A,1787379460.5137322,15.219379791000392,96.7,-6.885632822556654,0.6605820534393069,0.3408402228900717
2,M->A,1787379460.6538064,15.35945410002023,96.8,-6.872357783522965,0.665277741094139,0.3394345414254116
2,M->A,1787379460.7942846,15.499932468985207,96.9,-6.859142694066677,0.6699362332683728,0.3382737661150516
2,M->A,1787379460.9323764,15.638023690029513,97.0,-6.845900379307437,0.674580836025316,0.3357935759102855
2,M->A,1787379461.009214,15.714860940992367,97.1,-6.83270187372051,0.6791704808880649,0.3341121595580094
2,M->A,1787379461.0219407,15.727587621018756,97.1,-6.819552374457044,0.683707660000424,0.3300302436817317
2,M->A,1787379461.0331175,15.73876435100101,97.1,-6.806334988895149,0.688207857166778,0.32464463577338826
2,M->A,1787379461.0438993,15.74954638199415,97.1,-6.79314779829274,0.692575925046484,0.3132110089681995
2,M->A,1787379461.0530384,15.758685044012964,97.1,-6.77994346393732,0.6967976220618883,0.3056634147755032
2,M->A,1787379461.061922,15.7675688820309,97.2,-6.766713658259184,0.7009499838252553,0.3031625296099439
2,M->A,1787379461.1965313,15.902178603981156,97.2,-6.753463084287748,0.7050727236055937,0.3001473409190587
2,M->A,1787379461.3351107,16.040758140035905,97.3,-6.739797714957695,0.7092799820885249,0.29626496022237664
2,M->A,1787379461.4721677,16.177814978989772,97.4,-6.724877456758241,0.7137815761418776,0.2890669110425124
2,M->A,1787379461.6057997,16.311447277024854,97.5,-6.70993693208133,0.7181949265730423,0.28552641085142083
2,M->A,1787379461.620167,16.32581367599778,97.6,-6.694962715944679,0.72254299378543,0.2790242705484487
2,M->A,1787379461.694031,16.399678601010237,97.6,-6.679972375062699,0.7268080165108691,0.2754597028573462
2,M->A,1787379461.841185,16.546845539996866,97.7,-6.664904360689447,0.7309938343519264,0.2632830754177286
2,M->A,1787379461.862893,16.56853994500125,97.8,-6.649817504277338,0.7349702881315873,0.2504127456270989
2,M->A,1787379461.9378824,16.643530910019763,97.8,-6.6347110926887884,0.7387777462575603,0.2430846892791486
2,M->A,1787379462.0740454,16.779692691983655,97.9,-6.619576382890111,0.7425029477663281,0.23964278534627864
2,M->A,1787379462.2119167,16.917564028990455,98.0,-6.604405023051889,0.7461814700123999,0.2358404336888261
2,M->A,1787379462.3489716,17.054619443020783,98.1,-6.589223227069879,0.7497947268332646,0.23104150571499957
2,M->A,1787379462.363589,17.069235916016623,98.2,-6.5739981237563745,0.753345537436273,0.22577026842276152
2,M->A,1787379462.3754833,17.08113017200958,98.2,-6.556831728313806,0.7572327854647738,0.2180543418545643
2,M->A,1787379462.4486208,17.154267976002302,98.2,-6.538211738001982,0.7612756705083887,0.20828310222356078
2,M->A,1787379462.5853076,17.29095537698595,98.3,-6.51957859846378,0.7651613990882998,0.20235464994176192
2,M->A,1787379462.7222445,17.4278925289982,98.4,-6.500886994622337,0.76894562045842,0.19493643476154404
2,M->A,1787379462.799212,17.504859998007305,98.5,-6.482205035096837,0.7725741153650906,0.18799909049622016
2,M->A,1787379462.8732738,17.578920258034486,98.6,-6.4634773493069755,0.776091476295958,0.18256928263651034
2,M->A,1787379462.8801887,17.58583518001251,98.6,-6.444681306227212,0.7794661268273182,0.16901824749019093
2,M->A,1787379462.949366,17.65501328400569,98.6,-6.425875439613274,0.7825624463325132,0.15510771162029552
2,M->A,1787379463.0883257,17.793972918007057,98.7,-6.407051196312302,0.7854305518169148,0.14609647586726837
2,M->A,1787379463.2256002,17.93124812102178,98.8,-6.388203917976107,0.788153565305439,0.14005157057075057
2,M->A,1787379463.3633866,18.069033904990647,99.0,-6.36933662920431,0.7907753927622144,0.13543473816329726
2,M->A,1787379463.50125,18.20689777098596,99.1,-6.35045536232966,0.7933154835134812,0.13140767099041634
2,M->A,1787379463.6393173,18.344964657037053,99.2,-6.3315666957368535,0.795780782393802,0.12759417667326894
2,M->A,1787379463.777303,18.482951637008227,99.3,-6.312653474996792,0.7981722171745063,0.1227025090421889
2,M->A,1787379463.8561764,18.56182343198452,99.4,-6.293752243847582,0.8004629640904815,0.11766848765885037
2,M->A,1787379463.869047,18.5746939110104,99.4,-6.27483872756711,0.8026637313359091,0.11318086210803693
2,M->A,1787379463.8802702,18.585917071031872,99.4,-6.255911637315357,0.8047813041692726,0.10883759093691862
2,M->A,1787379463.8897748,18.595421734033152,99.4,-6.23697288585607,0.80681645746015,0.1044995900582613
2,M->A,1787379463.898671,18.604317479999736,99.4,-6.218024645492328,0.8087690552106505,0.10011108093543102
2,M->A,1787379463.9061434,18.61179032298969,99.4,-6.199067230185454,0.8106388667453077,0.09564905607411993
2,M->A,1787379463.9768128,18.682461927994154,99.4,-6.180099300793956,0.812424310243928,0.09108734924271474
2,M->A,1787379464.1152868,18.820935528026894,99.5,-6.161121071933383,0.8141225648739064,0.08642166801123266
2,M->A,1787379464.2547805,18.96042821998708,99.7,-6.142135172848962,0.8157310474422762,0.08166829595494406
2,M->A,1787379464.3929052,19.098552830982953,99.8,-6.123144408370833,0.8172482969202899,0.07684794031004889
2,M->A,1787379464.5312135,19.236861521028914,99.9,-6.104149907451294,0.8186737363746138,0.07200061463758885
2,M->A,1787379464.6683853,19.37403441098286,100.0,-6.0851499568433445,0.8200072754319998,0.0670844990863372
2,M->A,1787379464.806592,19.512239334988408,100.1,-6.066143191042412,0.8212470510881623,0.062067893735610294
2,M->A,1787379464.9479134,19.65356075501768,100.2,-6.047129250792982,0.8223909654754156,0.0569777410480089
2,M->A,1787379465.0856853,19.791332504013553,100.3,-6.0281083520998155,0.8234370482243532,0.05181550210199533
2,M->A,1787379465.0996447,19.805291609023698,100.4,-6.009080450316115,0.8243846687031633,0.04664837331359705
2,M->A,1787379465.1122699,19.817916645028163,100.4,-5.990045593822763,0.8252347108867417,0.0414706382021961
2,M->A,1787379465.1233652,19.829012556991074,100.4,-5.97100530397509,0.8259869242718337,0.03629333945377148
2,M->A,1787379465.1343749,19.84002150699962,100.4,-5.951961873407228,0.8266408005387476,0.031109787637681314
2,M->A,1787379465.1431234,19.848770248005167,100.4,-5.932917107642071,0.8271950723026521,0.025916608625574253
2,M->A,1787379465.1515362,19.857183239015285,100.4,-5.913870896425305,0.8276501874415926,0.020747892634524753
2,M->A,1787379465.2208138,19.926460766990203,100.4,-5.894822752012084,0.8280076545030998,0.01562945025055105
2,M->A,1787379465.3580496,20.063696840021294,100.5,-5.875773209284036,0.8282686806067087,0.01055707066019332
2,M->A,1787379465.495916,20.201563540031202,100.7,-5.856724006971367,0.8284335759253917,0.0054941191624304315
2,M->A,1787379465.6344519,20.340099917026237,100.8,-5.837675707598907,0.8285020145282079,0.00046364341362814456
2,M->A,1787379465.7750485,20.48069574101828,100.9,-5.818626614164253,0.8284742840454071,-0.004503143923512329
2,M->A,1787379465.8520904,20.557737244002055,101.0,-5.799574355751855,0.8283525200961324,-0.009406451977932087
2,M->A,1787379465.9894686,20.695116574992426,101.1,-5.780519493909828,0.8281384980937019,-0.014229810013159733
2,M->A,1787379466.0035205,20.709167339024134,101.1,-5.761466123582841,0.8278337339113107,-0.018985045310911757
2,M->A,1787379466.0155723,20.721218970022164,101.1,-5.742417846030143,0.8274393527790865,-0.023603239080689613
2,M->A,1787379466.1530192,20.858666725980584,101.2,-5.723373688235233,0.8269568425110511,-0.028162503356678876
2,M->A,1787379466.2909088,20.996556081983726,101.3,-5.704331738805044,0.8263882061589475,-0.03257834901193732
2,M->A,1787379466.367535,21.073182164982427,101.4,-5.685290109241485,0.825736766737211,-0.036880475461957454
2,M->A,1787379466.3793976,21.085044346982613,101.4,-5.666251173644151,0.8250047708722986,-0.041097780911902394
2,M->A,1787379466.451664,21.157311026006937,101.4,-5.64721862050273,0.8241935640195361,-0.04520116770377386
2,M->A,1787379466.5892785,21.294925510010216,101.5,-5.62819260222524,0.8233047870199109,-0.04916323786816899
2,M->A,1787379466.7280476,21.433695552987047,101.6,-5.609169337968324,0.8223412257922392,-0.05300251841477242
2,M->A,1787379466.868477,21.574124879029114,101.7,-5.590145530670947,0.8213054934151708,-0.056723785214543826
2,M->A,1787379466.8831933,21.588840323034674,101.8,-5.5711231692678735,0.8202004590481955,-0.060233020715148175
2,M->A,1787379466.8943214,21.599968374008313,101.8,-5.552105664030625,0.8190305153803769,-0.06358039567875774
2,M->A,1787379466.9653594,21.671006243035663,101.8,-5.53309655186995,0.8177979428029704,-0.06679595498438935
2,M->A,1787379467.1012561,21.806903332995716,101.9,-5.514093609817103,0.8165054608556358,-0.06983190599283128
2,M->A,1787379467.2393548,21.945002479013056,102.0,-5.4950927884030545,0.8151557566534278,-0.07276068845767694
2,M->A,1787379467.3772552,22.0829027830041,102.1,-5.47609328816721,0.8137519845972746,-0.07547999020584856
2,M->A,1787379467.5155714,22.221219238010235,102.3,-5.45709778808313,0.8122980063501086,-0.07802291779799
2,M->A,1787379467.6539564,22.359604010009207,102.4,-5.438109681161296,0.8107974360006613,-0.08038040147276704
2,M->A,1787379467.667781,22.37342812801944,102.4,-5.419128118718961,0.809253430303683,-0.08255466408086723
2,M->A,1787379467.6802268,22.385873753984924,102.4,-5.400148865592601,0.8076690873759466,-0.08456870126842149
2,M->A,1787379467.6908975,22.396544185001403,102.5,-5.381168840398441,0.8060475154510484,-0.08641882860619707
2,M->A,1787379467.6998856,22.405532255012076,102.5,-5.362189190421651,0.8043920369029225,-0.08811621767734518
2,M->A,1787379467.7709076,22.47655585798202,102.5,-5.3432147946961175,0.802705870304358,-0.08960901864560894
2,M->A,1787379467.9118161,22.61746416101232,102.6,-5.324246991549236,0.800993176558617,-0.09088752478429317
2,M->A,1787379468.0489616,22.754609093011823,102.7,-5.30528306292523,0.7992576614527334,-0.09196640363963146
2,M->A,1787379468.1885424,22.89419075398473,102.8,-5.2863186843330086,0.7975031300126693,-0.09283101843878376
2,M->A,1787379468.2662342,22.971881385019515,102.9,-5.267352933153394,0.7957333409714917,-0.09351098982303342
2,M->A,1787379468.2793982,22.985045274021104,102.9,-5.248388885543621,0.7939519307291094,-0.09399919479221723
2,M->A,1787379468.3531885,23.058836204989348,102.9,-5.229429358064539,0.7921628972440171,-0.09432418346242001
2,M->A,1787379468.4901862,23.195833677018527,103.0,-5.210473359082962,0.7903693954210048,-0.0944536504428511
2,M->A,1787379468.50506,23.21070687402971,103.1,-5.19151608598143,0.7885746509396766,-0.09441738888039479
2,M->A,1787379468.5824904,23.288141242985148,103.1,-5.172554779943472,0.7867810761533973,-0.09424321459971992
2,M->A,1787379468.7239544,23.429602171003353,103.2,-5.153591316509477,0.7849915881476353,-0.09390641941108789
2,M->A,1787379468.8668027,23.572451999003533,103.3,-5.134629718210151,0.78320989164136,-0.09340773368169154
2,M->A,1787379468.878302,23.583949020016007,103.4,-5.11567123837062,0.7814393209045103,-0.09270330620658163
2,M->A,1787379468.8885427,23.59418935299618,103.4,-5.096712405914003,0.7796833559130592,-0.09185718376654846
2,M->A,1787379469.0249393,23.73058672400657,103.5,-5.077749772350058,0.7779445023215938,-0.09084566610718348
2,M->A,1787379469.1645348,23.870182609010953,103.6,-5.058782572860762,0.7762257230001013,-0.08970492160316346
2,M->A,1787379469.3014588,24.007106365985237,103.7,-5.0398146865788425,0.7745293999383829,-0.08842446445844457
2,M->A,1787379469.4398925,24.145540499011986,103.8,-5.020848309237314,0.7728587608493482,-0.08701035516070105
2,M->A,1787379469.5774477,24.28309492598055,103.9,-5.00188205080817,0.7712156935644082,-0.08547377854210922
2,M->A,1787379469.6538556,24.35950275103096,104.0,-4.982911554616387,0.7696024853372174,-0.08380606580690313
2,M->A,1787379469.6661701,24.371817031991668,104.0,-4.963934465814494,0.7680214068921812,-0.08202875825524082
2,M->A,1787379469.677344,24.382990704034455,104.0,-4.9449532405089185,0.7664753352652977,-0.08013049691850177
2,M->A,1787379469.6873472,24.39299422298791,104.1,-4.925971991897657,0.7649661048284552,-0.07811102184397987
2,M->A,1787379469.7615073,24.467154363985173,104.1,-4.9069914825700724,0.7634960623238494,-0.0759771141034844
2,M->A,1787379469.8364618,24.5421095250058,104.1,-4.888008675836028,0.7620673931957361,-0.0737215207444186
2,M->A,1787379469.9764502,24.682097678014543,104.2,-4.869020428218507,0.7606822666003004,-0.0713549544707426
2,M->A,1787379470.0529044,24.75855125900125,104.3,-4.850026900817779,0.7593425222272323,-0.06889411850531076
2,M->A,1787379470.189415,24.89506202802295,104.4,-4.831031553618939,0.7580524133281143,-0.06635649005502411
2,M->A,1787379470.328135,25.033782407001127,104.5,-4.8120370032936535,0.7568081475247782,-0.06375860519443806
2,M->A,1787379470.465696,25.17134373600129,104.6,-4.793040979325063,0.7556144523203222,-0.06109993050822177
2,M->A,1787379470.6042314,25.30987948499387,104.7,-4.774039399933216,0.7544710155987855,-0.05837563759925329
2,M->A,1787379470.743387,25.44903451000573,104.8,-4.755030858453504,0.7533805163747417,-0.05559576728770531
2,M->A,1787379470.7592695,25.46491690102266,104.9,-4.736018455583933,0.7523423433055304,-0.052750923559860385
2,M->A,1787379470.7714217,25.477068344014697,104.9,-4.717005524900078,0.7513615492752391,-0.049849299796475316
2,M->A,1787379470.7823267,25.48797515500337,104.9,-4.697993617943895,0.7504336516022811,-0.04687620255817307
2,M->A,1787379470.7923543,25.49800119700376,104.9,-4.678979638619673,0.7495625438421949,-0.04384000177223561
2,M->A,1787379470.8703623,25.576010229007807,105.0,-4.660492992461693,0.7487703939478705,-0.041323682290545206
2,M->A,1787379470.9450874,25.6507358700037,105.0,-4.644630996985244,0.7480955206922949,-0.04574383462089212
2,M->A,1787379471.0824642,25.78811244299868,105.1,-4.629053142310355,0.7473669520983767,-0.047522163243028964
2,M->A,1787379471.2206829,25.926330728980247,105.2,-4.6134687041386,0.7466413848240239,-0.044445666079727164
2,M->A,1787379471.3611426,26.066789967997465,105.3,-4.597905589401117,0.7459651093079958,-0.041677254423807354
2,M->A,1787379471.4994688,26.20511650503613,105.4,-4.582340626345167,0.7453321521999807,-0.03905647105242762
2,M->A,1787379471.6357658,26.34141306701349,105.5,-4.5667709942240355,0.7447385383139279,-0.036472728977575114
2,M->A,1787379471.7752705,26.480918927001767,105.6,-4.551196260948907,0.7441841226795555,-0.03388462066333577
2,M->A,1787379471.9141998,26.61984774202574,105.8,-4.535618671604586,0.7436731673091829,-0.03127914757669338
2,M->A,1787379472.051958,26.75760612002341,105.9,-4.520041428811648,0.7432020769251733,-0.028642626579876852
2,M->A,1787379472.1894848,26.89513293199707,106.0,-4.496678423889504,0.7425709913365073,-0.02460025162784681
2,M->A,1787379472.3299847,27.03563227603445,106.1,-4.473316385945694,0.7420372598392811,-0.020441186557728253
2,M->A,1787379472.3440697,27.049716679030098,106.2,-4.457739386929437,0.741731897323979,-0.01759717445095145
2,M->A,1787379472.3553925,27.0610393609968,106.2,-4.442160513062938,0.7414752877468457,-0.014699139767361548
2,M->A,1787379472.3663962,27.07204304402694,106.2,-4.4265815914625675,0.7412632621825369,-0.01176141450630226
2,M->A,1787379472.3755915,27.081237973005045,106.2,-4.411004204939453,0.7410987095274124,-0.00879968654349694
2,M->A,1787379472.3837707,27.089417199022137,106.2,-4.395429074025879,0.7409788691014922,-0.005793657955634688
2,M->A,1787379472.3918715,27.09751834702911,106.2,-4.379849265974337,0.7409055720106699,-0.0027067912293668958
2,M->A,1787379472.3980315,27.103678120998666,106.2,-4.364267327576254,0.7408826001085235,0.00046455197560512073
2,M->A,1787379472.4043038,27.10995048301993,106.2,-4.348682758507676,0.7409070562612688,0.0037167380084255487
2,M->A,1787379472.4736147,27.179261947982013,106.2,-4.333096141514651,0.7409846319199136,0.007049075231259173
2,M->A,1787379472.487073,27.192720569029916,106.3,-4.317510264004534,0.7411144065641527,0.010452280917674988
2,M->A,1787379472.6232781,27.32892606803216,106.3,-4.301926226468093,0.7413002010579712,0.013934766375320448
2,M->A,1787379472.7601514,27.465799337020144,106.4,-4.286345473615843,0.7415368665953905,0.017589653076792035
2,M->A,1787379472.8976605,27.603307855024468,106.5,-4.270771984780718,0.7418359238985188,0.022309131400948652
2,M->A,1787379473.035611,27.741258539026603,106.7,-4.25519966471715,0.7422123891190736,0.02779886578163039
2,M->A,1787379473.1732917,27.878939062997233,106.8,-4.239629231898326,0.7426782642196027,0.0336004387621199
2,M->A,1787379473.2517266,27.95737384899985,106.9,-4.224062692202316,0.7432374407667341,0.03945126061078143
2,M->A,1787379473.3919158,28.0975643999991,106.9,-4.208500743851817,0.743886233246869,0.04530914155340093
2,M->A,1787379473.5297475,28.23539561999496,107.1,-4.192942836529889,0.7446249102802786,0.051006443141793985
2,M->A,1787379473.5428717,28.24851929099532,107.1,-4.177388903098722,0.7454497978658257,0.05663822230625329
2,M->A,1787379473.5542479,28.259894914983306,107.1,-4.161838347424064,0.7463631735861943,0.06214496963680621
2,M->A,1787379473.627442,28.333089214982465,107.1,-4.1462922686770725,0.7473618856336565,0.06755648746016328
2,M->A,1787379473.766321,28.471968382014893,107.2,-4.130749797539651,0.7484446822123401,0.0728233308831399
2,M->A,1787379473.904456,28.61010324698873,107.4,-4.115212315716705,0.7496082561139803,0.0779475338434225
2,M->A,1787379474.042019,28.74766664201161,107.5,-4.0996796244821105,0.7508520154390425,0.08296897106786112
2,M->A,1787379474.0557334,28.761380774027202,107.5,-4.084152656731936,0.7521715833630378,0.08785359385026043
2,M->A,1787379474.0683637,28.774011278001126,107.5,-4.068069991252479,0.7536183126383447,0.0929687498517566
2,M->A,1787379474.1414914,28.847139058983885,107.5,-4.049327765654532,0.7554205950053369,0.10110923654550144
2,M->A,1787379474.2172775,28.92292606103001,107.6,-4.030400854579931,0.7573812831038531,0.10586024566215901
2,M->A,1787379474.354624,29.06027176202042,107.7,-4.011481266653336,0.7594180300277712,0.10939906228655494
2,M->A,1787379474.496382,29.202029554988258,107.8,-3.992567878307472,0.7615206422416382,0.11312565612861827
2,M->A,1787379474.6347516,29.3403991520172,107.9,-3.973658861198395,0.7636966029973021,0.11675980328844698
2,M->A,1787379474.7117493,29.417396317003295,108.0,-3.9547559737764484,0.7659353825690522,0.12014586507072575
2,M->A,1787379474.724504,29.430150792992208,108.0,-3.935864825126456,0.7682356780476788,0.12313626426006852
2,M->A,1787379474.797013,29.50266083603492,108.1,-3.9169723006962265,0.7705780845787731,0.1237469235656633
2,M->A,1787379474.810899,29.516545974998735,108.1,-3.898081757797919,0.772937199542038,0.12527455838489707
2,M->A,1787379474.94757,29.653217367012985,108.2,-3.879191499178082,0.7753284875016898,0.12718909449896038
2,M->A,1787379475.0860035,29.791651681996882,108.3,-3.860310500647917,0.7777540435630049,0.12881925201075534
2,M->A,1787379475.2241015,29.929748764028773,108.4,-3.8414283110105734,0.780188275515378,0.12755491412576056
2,M->A,1787379475.237291,29.94293799501611,108.5,-3.822552729202718,0.7826110914484011,0.1276918728349141
2,M->A,1787379475.2488446,29.954491431999486,108.5,-3.803676551271994,0.7850339378941384,0.1284722997770155
2,M->A,1787379475.2587383,29.964384881022852,108.5,-3.7847922707281167,0.7874690240407967,0.1266797773584312
2,M->A,1787379475.3946228,30.10026984103024,108.5,-3.765908740839276,0.7898597296685377,0.12470684105678281
2,M->A,1787379475.5352888,30.240936773014255,108.7,-3.747017879977672,0.7922173647317657,0.1241963576109377
2,M->A,1787379475.5486548,30.25430213601794,108.7,-3.728127431088396,0.7945721044146256,0.12421483053182956
2,M->A,1787379475.6859875,30.39163628401002,108.8,-3.7092373025023297,0.7969321123957588,0.12437471531214785
2,M->A,1787379475.8241436,30.529791600012686,108.9,-3.690405182573462,0.7992736675915164,0.1207341008423191
2,M->A,1787379475.901634,30.6072815330117,109.0,-3.6717497240998163,0.8014776290695045,0.11141471887294188
2,M->A,1787379475.9148083,30.62045519601088,109.0,-3.652828665281305,0.8035316449299823,0.10479599958350969
2,M->A,1787379475.9877305,30.693378639000002,109.0,-3.6339055536585314,0.805490307062059,0.1017039692761089
2,M->A,1787379476.1244428,30.830090578994714,109.1,-3.6149803345133833,0.8074177156751218,0.10014578141685586
2,M->A,1787379476.2016501,30.90729766699951,109.2,-3.5960527097499604,0.8093143700993798,0.0992087111729454
2,M->A,1787379476.2757957,30.981443681987002,109.2,-3.577121582056303,0.8111848085126013,0.0984388641110239
2,M->A,1787379476.4115286,31.117176125000697,109.4,-3.558161451394011,0.8130553190389954,0.09738889039651805
2,M->A,1787379476.5510733,31.25672184303403,109.5,-3.5391958804688266,0.8149134081298534,0.09423156765840976
2,M->A,1787379476.6894436,31.395091105019674,109.6,-3.5202617589593714,0.8166693076290881,0.09219542106931451
2,M->A,1787379476.8331563,31.538815487001557,109.7,-3.501233246903293,0.8183947114336682,0.09027379666839297
2,M->A,1787379476.855281,31.56092813500436,109.8,-3.4822902586395292,0.820071350072403,0.08364392062090649
2,M->A,1787379476.8670042,31.572651441034395,109.8,-3.463367031930951,0.8216567928029249,0.07864749517991539
2,M->A,1787379476.8767529,31.582399692037143,109.8,-3.444415412256248,0.8231033326276885,0.07558590422559176
2,M->A,1787379476.8855581,31.591204790980555,109.8,-3.4254628608245734,0.8245180483965746,0.07326454092793354
2,M->A,1787379477.021126,31.72677389899036,109.9,-3.406501153105754,0.8259003002966461,0.07114478463735881
2,M->A,1787379477.1551938,31.86084081802983,110.0,-3.3875321078538536,0.827216416488502,0.06849068176456358
2,M->A,1787379477.2270575,31.932704480015673,110.1,-3.368577929011306,0.8285302582907008,0.06235392270081574
2,M->A,1787379477.3635442,32.06919245101744,110.1,-3.349596480777631,0.8300145812054185,0.05814377783413258
2,M->A,1787379477.503194,32.20884119102266,110.2,-3.3304793383745674,0.8310880102969233,0.05431847618591918
2,M->A,1787379477.6405497,32.34619722503703,110.4,-3.311379088869471,0.8317595263426276,0.05046319777863934
2,M->A,1787379477.655116,32.36076379503356,110.4,-3.292345389735461,0.8326396423404241,0.046563383976984785
2,M->A,1787379477.6668477,32.37249531497946,110.4,-3.273323011053093,0.8337519345698926,0.04256755028390225
2,M->A,1787379477.6770332,32.38268016901566,110.4,-3.254187120983137,0.8346489708990676,0.038168959731269964
2,M->A,1787379477.813036,32.518684084992856,110.5,-3.235055925291292,0.8353617791729613,0.03323688765664037
2,M->A,1787379477.950318,32.655965316982474,110.6,-3.2159417263533814,0.8355603356328309,0.027867601578577216
2,M->A,1787379478.0264442,32.73209129599854,110.7,-3.1968937188691275,0.8360596527082544,0.022303696505181
2,M->A,1787379478.0400062,32.74565396102844,110.7,-3.1778289035113376,0.836548787857298,0.016466413125601136
2,M->A,1787379478.116536,32.822183847019915,110.7,-3.158705023268517,0.8370899059979023,0.010025272691732411
2,M->A,1787379478.255439,32.96108657500008,110.8,-3.139582119366995,0.837235929989737,0.0029137262940482915
2,M->A,1787379478.3923473,33.097994717012625,111.0,-3.120461200484371,0.8372114928796119,-0.004761814681358788
2,M->A,1787379478.533634,33.239281872985885,111.1,-3.1013829608795502,0.8367153323435115,-0.012847042323520975
2,M->A,1787379478.609955,33.315601798007265,111.2,-3.0822809233611137,0.836592713033011,-0.021270163871040495
2,M->A,1787379478.6221552,33.327802620013244,111.2,-3.0631748752192003,0.8362993638555202,-0.030442789781716877
2,M->A,1787379478.63233,33.33797669201158,111.2,-3.044089409950715,0.8356690866997549,-0.0401687615009686
2,M->A,1787379478.7042665,33.40991425601533,111.2,-3.0250177875409725,0.8348412353187243,-0.05047425305679571
2,M->A,1787379478.840805,33.546452512033284,111.3,-3.005943076384084,0.8334484284831134,-0.06132592729016501
2,M->A,1787379478.9780726,33.68372059299145,111.4,-2.9869142837673586,0.8321714468113456,-0.07254021251282824
2,M->A,1787379479.1152537,33.82090175198391,111.5,-2.9678210935861578,0.8310506665568831,-0.08442147367502846
2,M->A,1787379479.1919854,33.89763286698144,111.6,-2.9488440207841036,0.8293691081492831,-0.09696779178828414
2,M->A,1787379479.2041802,33.90982698503649,111.7,-2.929901491810675,0.8274427109319238,-0.11007272656602754
2,M->A,1787379479.276885,33.98253332701279,111.7,-2.9109909858150482,0.8252409651505094,-0.12376725700892605
2,M->A,1787379479.3540878,34.05973524303408,111.8,-2.89207957831539,0.8224299949539496,-0.1381489436625738
2,M->A,1787379479.4923515,34.197999942989554,111.8,-2.8731620540265297,0.819771430729562,-0.15266876025005646
2,M->A,1787379479.5677388,34.27338619303191,111.9,-2.854305549495444,0.8170545955997701,-0.167948663365419
2,M->A,1787379479.6450458,34.3506928079878,112.0,-2.835609073955439,0.8137781100237667,-0.18363012449445698
2,M->A,1787379479.6587217,34.364369500020985,112.0,-2.8169845320655345,0.8102147690570289,-0.20056403300380232
2,M->A,1787379479.7327971,34.43844422901748,112.0,-2.7984394640644963,0.8063147427417129,-0.2164396858625315
2,M->A,1787379479.869963,34.57561150402762,112.1,-2.779791784157237,0.80173500242349,-0.2322566901936817
2,M->A,1787379480.007492,34.7131401260267,112.2,-2.7611480422120525,0.7972832991422003,-0.2459431568090624
2,M->A,1787379480.144887,34.85053435701411,112.4,-2.7426777108890255,0.7928505956653628,-0.26122746887659737
2,M->A,1787379480.1582532,34.86390089703491,112.4,-2.7243484927037165,0.7878601499985598,-0.2737347538212867
2,M->A,1787379480.170252,34.875898828031495,112.4,-2.70606660084273,0.7826599848977126,-0.28553757526992474
2,M->A,1787379480.2435968,34.94924407702638,112.4,-2.687825038505744,0.7770712482342551,-0.29898760241998684
2,M->A,1787379480.382254,35.087900861981325,112.5,-2.6694024229586453,0.7710403540609431,-0.31068027604891085
2,M->A,1787379480.5218408,35.22748921602033,112.6,-2.651180264120099,0.7655657293448191,-0.31517200463644696
2,M->A,1787379480.6602938,35.36594105401309,112.8,-2.633153027225596,0.7596068165995185,-0.32302652400011445
2,M->A,1787379480.7994568,35.505104273033794,112.9,-2.6151679224088342,0.7534984218669365,-0.3369534021784046
2,M->A,1787379480.93758,35.643227168009616,113.0,-2.5973217627102136,0.7471034306384201,-0.353741500789094
2,M->A,1787379481.0744064,35.7800538840238,113.1,-2.5795161835952207,0.7400356482607059,-0.36916325538613737
2,M->A,1787379481.2101479,35.9157948300126,113.2,-2.563315494469742,0.733736160320668,-0.3801736270369129
2,M->A,1787379481.2248468,35.93049412203254,113.3,-2.5487716416106316,0.7282049688935309,-0.3900192757158245
2,M->A,1787379481.2372632,35.942909881006926,113.3,-2.534554191963752,0.7223125466733457,-0.40053721419158567
2,M->A,1787379481.247524,35.95317082898691,113.3,-2.5185196228603557,0.7154644814984207,-0.40919653028487946
2,M->A,1787379481.2568045,35.962451349012554,113.3,-2.5011361438244912,0.7074542944573673,-0.41616304915556596
2,M->A,1787379481.2654665,35.971113628009334,113.3,-2.483712532437012,0.6996929587235017,-0.4268053258606487
2,M->A,1787379481.2731104,35.97875726199709,113.3,-2.466823519164282,0.6922873778802171,-0.4409277231151698
2,M->A,1787379481.2801933,35.98583991499618,113.3,-2.4532377111446264,0.6857929493204242,-0.4539205298572845
2,M->A,1787379481.4151735,36.120821193035226,113.4,-2.4404419034061795,0.6795183573430019,-0.46492161634163776
2,M->A,1787379481.5524352,36.25808209303068,113.5,-2.427711405917022,0.6730689359701792,-0.4753266679872279
2,M->A,1787379481.6886134,36.394261188979726,113.6,-2.414763160263204,0.6663154064800889,-0.48257528798002675
2,M->A,1787379481.827036,36.532683062017895,113.7,-2.401517621333381,0.6594027185970583,-0.4858997332026663
2,M->A,1787379481.9648175,36.670464508992154,113.8,-2.3884285655401216,0.6524564216221101,-0.4923847257792241
2,M->A,1787379482.1014292,36.80707685399102,113.9,-2.374973387259893,0.6451737027726135,-0.5014486689478785
2,M->A,1787379482.1783867,36.884034596034326,114.0,-2.361774491519689,0.6378670205954741,-0.5117340046085709
2,M->A,1787379482.192443,36.89808976399945,114.0,-2.3496619615172,0.6310236398458772,-0.5202282629854441
2,M->A,1787379482.2033036,36.90895036200527,114.1,-2.337624719306602,0.6240850920583382,-0.529911398410496
2,M->A,1787379482.2783754,36.9840225839871,114.1,-2.325416964911936,0.6168959656058315,-0.536279223108867
2,M->A,1787379482.3531346,37.05878219002625,114.1,-2.312640807267007,0.6092693125045104,-0.5410628996923877
2,M->A,1787379482.48975,37.1953976820223,114.2,-2.2999474074775597,0.6015939635016465,-0.5489186332367387
2,M->A,1787379482.6283317,37.33397897402756,114.3,-2.2873370996947497,0.5938129918454458,-0.5580373600967435
2,M->A,1787379482.7043679,37.41001547500491,114.4,-2.2747772660987047,0.5859243868767793,-0.5640290289675943
2,M->A,1787379482.8412163,37.54686396801844,114.5,-2.2623821495389955,0.5780486584233239,-0.56944097276406
2,M->A,1787379482.9784853,37.684132441005204,114.6,-2.25006568911335,0.5701253991806512,-0.576437475609215
2,M->A,1787379482.9918559,37.69750310701784,114.7,-2.2376233740732974,0.5619928832007184,-0.5800219770692654
2,M->A,1787379483.0033462,37.70899295603158,114.7,-2.2247828182315676,0.5535654053062664,-0.582574938060242
2,M->A,1787379483.0138898,37.7195367179811,114.7,-2.2090675059468694,0.5432371153437178,-0.5792708098604374
2,M->A,1787379483.149801,37.8554482239997,114.8,-2.1930590416772713,0.5327828826340045,-0.577123442650631
2,M->A,1787379483.2237499,37.92939727503108,114.8,-2.1782808569780907,0.5231459252350866,-0.5808403260291424
2,M->A,1787379483.3599353,38.06558253703406,114.9,-2.162615750875707,0.5128060506995038,-0.5866987795630189
2,M->A,1787379483.4999003,38.20554746600101,115.1,-2.1468602535387156,0.5022801553282541,-0.5925654976793963
2,M->A,1787379483.5150325,38.22067936498206,115.1,-2.1311627837786387,0.4916687741608732,-0.5973964254891004
2,M->A,1787379483.5258007,38.23144785198383,115.1,-2.1155228872411307,0.4809977590251863,-0.601408557661633
2,M->A,1787379483.6617138,38.367361875018105,115.2,-2.099938453710589,0.470267081077642,-0.605038378592332
2,M->A,1787379483.8000274,38.50567461701576,115.3,-2.084330113447792,0.45945777830295176,-0.6070320527642676
2,M->A,1787379483.875685,38.58133173501119,115.4,-2.068784925946067,0.4486387188394419,-0.608126388391385
2,M->A,1787379483.8876972,38.59334394201869,115.4,-2.0532090254467,0.43780088561686425,-0.6088281166174457
2,M->A,1787379483.9608557,38.666503402986564,115.4,-2.0376157839652906,0.42693621121030007,-0.6072737149699716
2,M->A,1787379484.0360675,38.741715005016886,115.5,-2.02206923899899,0.4161300818196292,-0.6062067811289935
2,M->A,1787379484.1725173,38.8781654870254,115.6,-2.0065128591700234,0.40537466343457695,-0.604932860449695
2,M->A,1787379484.3086958,39.01434329000767,115.7,-1.9908210875795525,0.39453608493324827,-0.6017520244065189
2,M->A,1787379484.3858736,39.09152075101156,115.8,-1.9752019182675442,0.38386050988950793,-0.5979820057094951
2,M->A,1787379484.3985758,39.104222611000296,115.8,-1.9594893446048631,0.37316947674511075,-0.5942639620574254
2,M->A,1787379484.471938,39.17758529499406,115.8,-1.943680742838422,0.3625626907635636,-0.5880231730846194
2,M->A,1787379484.6113591,39.3170073700021,115.9,-1.9279504448477292,0.35210465345153263,-0.5831435925056501
2,M->A,1787379484.7509167,39.45656384603353,116.1,-1.911917245437715,0.3415805341087157,-0.5764568720309191
2,M->A,1787379484.8875792,39.593226269993465,116.2,-1.8960353780424906,0.33132801875196416,-0.5696397402405434
2,M->A,1787379485.0246372,39.730284698016476,116.3,-1.879796640659327,0.3209937606591001,-0.5613727123926
2,M->A,1787379485.102132,39.80777890002355,116.4,-1.8637655152690613,0.31097128089605214,-0.5534129333412627
2,M->A,1787379485.1147466,39.82039352302672,116.4,-1.847513986012842,0.3010129443591171,-0.5467888295619103
2,M->A,1787379485.1264827,39.832129326998256,116.4,-1.8311493843989732,0.29112118188734804,-0.536574780743383
2,M->A,1787379485.1354566,39.84110339102335,116.4,-1.8149082394311795,0.28153928691090174,-0.5292892991459496
2,M->A,1787379485.2101364,39.91578342503635,116.5,-1.7981008967082468,0.2717855083269777,-0.5189151699596315
2,M->A,1787379485.2847612,39.99040811700979,116.5,-1.78131915574651,0.26234578207209286,-0.5017635158053319
2,M->A,1787379485.4217653,40.127412589034066,116.6,-1.764614097040773,0.2533045640370092,-0.4882812296361107
2,M->A,1787379485.5613194,40.26696671900572,116.7,-1.747943148076955,0.24450872809303884,-0.47993272936632037
2,M->A,1787379485.6982582,40.40390544797992,116.8,-1.7311524881989613,0.23582964888664698,-0.47296752696172883
2,M->A,1787379485.7109823,40.416629357030615,116.9,-1.7142703866395457,0.22725998354552684,-0.4650923469423404
2,M->A,1787379485.8470414,40.55268836201867,116.9,-1.6972624184496534,0.21878154862822563,-0.45579449577916187
2,M->A,1787379485.9185054,40.62415280501591,117.0,-1.6802230797697901,0.2105016399669029,-0.4475126439714001
2,M->A,1787379485.9948862,40.7005333279958,117.1,-1.6630844326738492,0.2023670959931819,-0.4372165986491645
2,M->A,1787379486.0080154,40.71366210299311,117.1,-1.6457289811930536,0.19432644797260845,-0.4264923230430516
2,M->A,1787379486.081651,40.787298123992514,117.1,-1.6285406816225099,0.18659726798062468,-0.41733123370914205
2,M->A,1787379486.2190287,40.92467591003515,117.2,-1.6109846907107608,0.17888364632339648,-0.4064535552843726
2,M->A,1787379486.3614247,41.06707174400799,117.3,-1.5936428425145581,0.17150574137031002,-0.3968123946987574
2,M->A,1787379486.4996152,41.205263191019185,117.5,-1.5757146698073514,0.16407484558380434,-0.3841705199718745
2,M->A,1787379486.6393185,41.34496661403682,117.6,-1.5576034989694791,0.15691965963480847,-0.36309509595144945
2,M->A,1787379486.6543486,41.35999574098969,117.6,-1.5397775142750527,0.15027260931884187,-0.3484763906160558
2,M->A,1787379486.6666508,41.37229826202383,117.6,-1.522016895095128,0.143888410046897,-0.340741231795604
2,M->A,1787379486.677659,41.38330586400116,117.6,-1.504198957348707,0.13762237669368507,-0.3345031858023839
2,M->A,1787379486.752559,41.45820613700198,117.7,-1.4862948839126866,0.13145459711498084,-0.3275722218008333
2,M->A,1787379486.8274243,41.53307148703607,117.7,-1.4683674888241243,0.1254250127028744,-0.31960308001477006
2,M->A,1787379486.9635327,41.66918142198119,117.8,-1.450280826895078,0.11949271518104908,-0.3112654131583875
2,M->A,1787379487.101712,41.8073592360015,117.9,-1.4322092678960798,0.1137453328884253,-0.30353950084288994
2,M->A,1787379487.2410445,41.946691730001476,118.0,-1.4140530565949434,0.10814012800038893,-0.2929453239538958
2,M->A,1787379487.2560842,41.961730990034994,118.1,-1.3958702369398412,0.10271288843785834,-0.2860381456940652
2,M->A,1787379487.2688076,41.97445458301809,118.1,-1.377148256796045,0.09731723108429417,-0.269456738274224
2,M->A,1787379487.4049776,42.1106247639982,118.2,-1.3585454534587162,0.09231135168169452,-0.25277466514276864
2,M->A,1787379487.5432432,42.248891008028295,118.3,-1.3401889387541857,0.08765179904264815,-0.24308822242812514
2,M->A,1787379487.6833572,42.389004504017066,118.4,-1.32183691001562,0.08314557741801312,-0.2376290749382451
2,M->A,1787379487.6974857,42.40313247399172,118.5,-1.3033772604261422,0.07871846901549732,-0.23194704650881812
2,M->A,1787379487.7084944,42.41414107300807,118.5,-1.2849265582093217,0.07440972806695198,-0.22541107017020243
2,M->A,1787379487.7185123,42.42415917100152,118.5,-1.2663206571019046,0.07018441615736883,-0.21843967716984564
2,M->A,1787379487.8544183,42.560065245023,118.6,-1.2477647533017702,0.0661126361880229,-0.211909763243879
2,M->A,1787379487.9904923,42.696139409032185,118.7,-1.2288453668869064,0.06213155486236585,-0.1996379977376812
2,M->A,1787379488.004158,42.7098048790358,118.7,-1.2100206792714971,0.05841684266848624,-0.18724904152809058
2,M->A,1787379488.1415248,42.84717213601107,118.8,-1.1914400002938381,0.054949299217469265,-0.1800827916733989
2,M->A,1787379488.2794373,42.98508483398473,118.9,-1.1727943283079567,0.05158235714832234,-0.17555870374344817
2,M->A,1787379488.3558776,43.061524758988526,119.0,-1.1541032136660148,0.04832279047588494,-0.16953641870931593
2,M->A,1787379488.5015125,43.207160383986775,119.1,-1.1352739569830221,0.045130920092421416,-0.16296891379524872
2,M->A,1787379488.6449716,43.35061926103663,119.2,-1.1166279841626658,0.04211039726049256,-0.15734351039737088
2,M->A,1787379488.6568837,43.36253056698479,119.2,-1.0976665500437977,0.03914938961940488,-0.15027948520025172
2,M->A,1787379488.6682327,43.37387974798912,119.2,-1.0789770113993145,0.03636271708009612,-0.14413245118344978
2,M->A,1787379488.742855,43.44850216002669,119.2,-1.0601018763025385,0.03365398136121184,-0.13980939442048987
2,M->A,1787379488.8809562,43.58660363598028,119.4,-1.0408304811458247,0.03102804367632981,-0.12714020707479298
2,M->A,1787379488.8939931,43.59963986702496,119.4,-1.0218128282938823,0.028664692070777133,-0.11554892271323339
2,M->A,1787379488.9678369,43.67348398902686,119.4,-1.003005530419635,0.026530206082435316,-0.10973604495497123
2,M->A,1787379489.1026196,43.80826676503057,119.5,-0.9842335882174399,0.024502178591980714,-0.10686379493826105
2,M->A,1787379489.2407398,43.94638691598084,119.7,-0.9654334043703532,0.022493475050201227,-0.10507801022214132
2,M->A,1787379489.2570558,43.96270259900484,119.7,-0.9465365941693379,0.020470533748590963,-0.1025981001196001
2,M->A,1787379489.3312025,44.03684991702903,119.7,-0.927433424385314,0.018558860601447243,-0.09904159350733666
2,M->A,1787379489.4682648,44.1739116589888,119.8,-0.908231315911347,0.016707323717755816,-0.09298056717926005
2,M->A,1787379489.6064997,44.312146786018275,119.9,-0.8894384458883079,0.01494899608317919,-0.08961102910704498
2,M->A,1787379489.6850672,44.39071418001549,120.1,-0.8705206732781575,0.01323714904888815,-0.08847984270719282
2,M->A,1787379489.6979039,44.4035507789813,120.1,-0.8514375126488225,0.011589331516555423,-0.08242768100078342
2,M->A,1787379489.708456,44.41410260600969,120.1,-0.8326738949495397,0.010064503722185814,-0.08005771523975672
2,M->A,1787379489.7804613,44.486108925018925,120.1,-0.8138777253347513,0.008540206526698025,-0.08061151558510213
2,M->A,1787379489.9172456,44.622892754036,120.2,-0.7946743626241309,0.007012618888545884,-0.07841097449617247
2,M->A,1787379490.0544755,44.76012319198344,120.3,-0.7755480299110933,0.00552734560385725,-0.07276681672464654
2,M->A,1787379490.1919422,44.897589570027776,120.4,-0.756646997772328,0.004152348838224989,-0.0718130424886009
2,M->A,1787379490.3317502,45.03739774803398,120.5,-0.7378149534294477,0.0027722786120882134,-0.0741895511656895
2,M->A,1787379490.3452523,45.05089917703299,120.6,-0.718991193485667,0.001334966340531874,-0.07801212740586184
2,M->A,1787379490.3577104,45.06335722299991,120.6,-0.7000124926092257,-0.00013871829209777874,-0.08250991673005766
2,M->A,1787379490.3690932,45.07473991299048,120.6,-0.6810639886886699,-0.0017653941214151232,-0.08579311294066434
2,M->A,1787379490.5059621,45.21160942601273,120.7,-0.6622920949042971,-0.003437509204698509,-0.09151854737988857
2,M->A,1787379490.6404243,45.346071502019186,120.8,-0.642960462751949,-0.005210953101235698,-0.09523396773778357
2,M->A,1787379490.716741,45.4223880689824,120.9,-0.6238836549962846,-0.007080729595246817,-0.09567145061248612
2,M->A,1787379490.8539543,45.55960163002601,120.9,-0.6050405207018822,-0.008882743077649299,-0.10056780314395831
2,M->A,1787379490.9919565,45.69760354998289,121.0,-0.5881609883617915,-0.010669789780253772,-0.10827213959689441
2,M->A,1787379491.0058541,45.71150109299924,121.1,-0.5731296266394222,-0.012421167392187469,-0.12185063510642416
2,M->A,1787379491.0163612,45.72200803400483,121.1,-0.5587415076240546,-0.014291309140104883,-0.14689273683317985
2,M->A,1787379491.0895355,45.79518330201972,121.1,-0.5443111862410598,-0.016474701615741057,-0.17529797842493075
2,M->A,1787379491.2270849,45.93273231602507,121.2,-0.5294989819105209,-0.01918848998628295,-0.20395136228573324
2,M->A,1787379491.3675795,46.073226715030614,121.3,-0.5145288400837315,-0.02244792462290773,-0.23068689262296524
2,M->A,1787379491.5055299,46.21117722801864,121.5,-0.49913169553861125,-0.026183415870561694,-0.2545694242908023
2,M->A,1787379491.5200179,46.225664584024344,121.5,-0.4834706511396042,-0.030414149182346705,-0.28050561847412764
2,M->A,1787379491.5320606,46.23770763701759,121.5,-0.46710091554849575,-0.03529608956427141,-0.30334259813421505
2,M->A,1787379491.6685393,46.374186474015005,121.6,-0.4504965083650159,-0.040653855074538475,-0.32921743367888334
2,M->A,1787379491.8060775,46.511724558018614,121.7,-0.43384524555747805,-0.04652735678370283,-0.3573672667133567
2,M->A,1787379491.9434166,46.6490636850358,121.8,-0.41663273175238114,-0.05312857658363443,-0.37979118110332416
2,M->A,1787379491.957866,46.66351282998221,121.9,-0.3988917037908163,-0.06037248883808639,-0.4011080625920842
2,M->A,1787379492.0319223,46.73756970802788,121.9,-0.38140630082954746,-0.06797836201943631,-0.4263943349288694
2,M->A,1787379492.107765,46.81341205100762,122.0,-0.36418356493752374,-0.07601328522231315,-0.4535396097448
2,M->A,1787379492.2457066,46.951354345015716,122.0,-0.34720342450896485,-0.08448432186041802,-0.47798608709156604
2,M->A,1787379492.3228571,47.02850449603284,122.1,-0.33039243161626725,-0.09337182838310809,-0.49987139785896945
2,M->A,1787379492.3377676,47.04341470403597,122.2,-0.31380944877460487,-0.10261562920811491,-0.5228444382706813
2,M->A,1787379492.474144,47.17979230399942,122.2,-0.2974029537548072,-0.11223492574241316,-0.5420066706958075
2,M->A,1787379492.6122,47.31784710602369,122.3,-0.2811708097288114,-0.12218151732453665,-0.562342042024595
2,M->A,1787379492.7513156,47.4569628360332,122.4,-0.26515859171731215,-0.132434633178681,-0.5792974997264858
2,M->A,1787379492.8899932,47.595640784013085,122.6,-0.24924537783354328,-0.14298047425499336,-0.5951943289025431
2,M->A,1787379493.0275493,47.733196472981945,122.7,-0.23354887422705742,-0.1537570470386711,-0.6116188975435266
2,M->A,1787379493.1641698,47.869816942024045,122.8,-0.2180292903907503,-0.16478702553721086,-0.6274285387678531
2,M->A,1787379493.3021064,48.0077537340112,122.9,-0.2026213398684241,-0.17608413942455647,-0.6390303712697325
2,M->A,1787379493.3158872,48.02153384400299,122.9,-0.18731344701156166,-0.18754220077702213,-0.6492027853276289
2,M->A,1787379493.3278823,48.033529240987264,122.9,-0.172166489530408,-0.1991416762960433,-0.6603228659764299
2,M->A,1787379493.3407118,48.04635881900322,123.0,-0.15715879169659067,-0.21090965200645737,-0.6709077122517332
2,M->A,1787379493.3492405,48.05488722398877,123.0,-0.14225342210497752,-0.22282193011071558,-0.6808159923077779
2,M->A,1787379493.3566246,48.062271349015646,123.0,-0.12748044541037892,-0.23489136131415858,-0.6895817169490567
2,M->A,1787379493.3640153,48.06966210901737,123.0,-0.11277553864028768,-0.24707569020313996,-0.6972458220804112
2,M->A,1787379493.4389586,48.1446057180292,123.0,-0.09817873200734482,-0.25938883290414533,-0.7039140399542555
2,M->A,1787379493.514455,48.220102238992695,123.0,-0.08364280877814353,-0.27178392130514256,-0.7095166508351002
2,M->A,1787379493.6528325,48.35847973002819,123.1,-0.06916608910051451,-0.28424789410382045,-0.714122773061115
2,M->A,1787379493.791657,48.497304324992,123.3,-0.05475554516055743,-0.2967948972574222,-0.717865675996656
2,M->A,1787379493.9290128,48.63465988700045,123.4,-0.04037503951522282,-0.30938500563347,-0.7208733916524324
2,M->A,1787379493.942788,48.64843478100374,123.4,-0.026034000937436276,-0.3220069196749433,-0.7231740824682464
2,M->A,1787379494.0794835,48.78513087303145,123.5,-0.011705988297252978,-0.3346544660474983,-0.7247359480243355
2,M->A,1787379494.2165604,48.92220783198718,123.6,0.002584760424503376,-0.34733973295135095,-0.7257356295440665
2,M->A,1787379494.2295465,48.93519346398534,123.6,0.016882990133850147,-0.3600209507102562,-0.7261596116095409
2,M->A,1787379494.3661768,49.07182425900828,123.7,0.031180341172197604,-0.3727050590746826,-0.7260882206227001
2,M->A,1787379494.4441836,49.14983099501114,123.8,0.04546015831134387,-0.38540702312244274,-0.725567170415823
2,M->A,1787379494.582108,49.287755034980364,123.9,0.05976978688550257,-0.39807308417941023,-0.7246270050576444
2,M->A,1787379494.7198071,49.42545451002661,124.0,0.0740807026596541,-0.41072889211613944,-0.7232718913589572
2,M->A,1787379494.8574739,49.5631213139859,124.1,0.08840383666689298,-0.4233618239629828,-0.7215329268836972
2,M->A,1787379494.9962277,49.70187522802735,124.2,0.10274439882026644,-0.4359689198318474,-0.7195286638624359
2,M->A,1787379495.1340995,49.83974666200811,124.3,0.11711788459651573,-0.4485292320770694,-0.7172719505549711
2,M->A,1787379495.271252,49.97689952002838,124.4,0.1315136065837389,-0.4610543075454186,-0.7148170717868337
2,M->A,1787379495.407846,50.113493798009586,124.5,0.1459221872763888,-0.47355802566882454,-0.7121770753594571
2,M->A,1787379495.5491922,50.254839481029194,124.6,0.16037788666826763,-0.4860012101943083,-0.7094000704508154
2,M->A,1787379495.5636358,50.269282742985524,124.7,0.17485958999983583,-0.4984071242637689,-0.7064536943279853
2,M->A,1787379495.575278,50.28092484903755,124.7,0.18937567850542866,-0.5107693460578805,-0.703367676263621
2,M->A,1787379495.5858479,50.2914946640376,124.7,0.20393842857379477,-0.523071728280562,-0.7001415748845609
2,M->A,1787379495.5955234,50.30116997798905,124.7,0.21852809069649654,-0.5353338842466079,-0.6968090105899167
2,M->A,1787379495.6044219,50.31006868602708,124.7,0.23314437089471302,-0.5475508025978331,-0.6933915651792985
2,M->A,1787379495.6126046,50.31825132202357,124.7,0.24781895390154896,-0.5596856021219172,-0.6898896972870214
2,M->A,1787379495.6202102,50.325856887036934,124.7,0.26250394892690526,-0.5717955992104927,-0.6863428879233288
2,M->A,1787379495.6898332,50.39548041502712,124.8,0.27725224274461674,-0.5838151305181807,-0.6827467264413983
2,M->A,1787379495.764949,50.47059595602332,124.9,0.29201449736267,-0.5958096120485522,-0.679185935146957
2,M->A,1787379495.902052,50.607699053012766,124.9,0.30680868081933593,-0.6076922043983904,-0.6751760330421238
2,M->A,1787379496.0398269,50.745474175026175,125.0,0.32163374528186667,-0.6195409828351587,-0.6702239422205776
2,M->A,1787379496.1775305,50.88317810901208,125.1,0.3365487234346326,-0.631292721231695,-0.6649790207208459
2,M->A,1787379496.3175697,51.023217327019665,125.2,0.35151538808587307,-0.6429863729358669,-0.6598089869361026
2,M->A,1787379496.4548924,51.16053960099816,125.4,0.36654306279073995,-0.6545978778745074,-0.6548786573191959
2,M->A,1787379496.4702632,51.17591041699052,125.4,0.38161970825962344,-0.6661394178181189,-0.6502613751871843
2,M->A,1787379496.4831085,51.18875555403065,125.4,0.3967449803870028,-0.6776066128791338,-0.646001197030462
2,M->A,1787379496.5561316,51.26177931402344,125.4,0.4119241623377348,-0.6889932838669042,-0.6421333794443258
2,M->A,1787379496.5694218,51.27506866300246,125.5,0.4271214072832562,-0.7003395861481205,-0.6386029688589167
2,M->A,1787379496.7067184,51.41236583801219,125.6,0.44236366971582963,-0.7116171105288951,-0.6353780388264317
2,M->A,1787379496.8402872,51.54593462398043,125.7,0.4576302772200809,-0.722850316883063,-0.6324697807440997
2,M->A,1787379496.9770474,51.68269481800962,125.8,0.4729318299438308,-0.7340327954831914,-0.6298143911129868
2,M->A,1787379497.113964,51.81961151998257,125.9,0.48825270541262256,-0.7451919624571384,-0.6274283577289118
2,M->A,1787379497.1285684,51.83421524398727,125.9,0.5036174451797902,-0.756294843084393,-0.6252767036624917
2,M->A,1787379497.140249,51.84589586901711,125.9,0.5189883500954106,-0.7673922541115903,-0.623333941918146
2,M->A,1787379497.276894,51.98254137201002,126.0,0.5343867286530773,-0.7784454353780543,-0.6215667579416064
2,M->A,1787379497.3539624,52.05960952100577,126.1,0.5498085354917894,-0.7894601212502488,-0.6199336556185827
2,M->A,1787379497.3674622,52.07310913898982,126.1,0.5652282534153638,-0.8004704753632023,-0.6184258816000311
2,M->A,1787379497.5042567,52.20990500302287,126.2,0.5806726511237323,-0.8114400326819886,-0.6170408327678444
2,M->A,1787379497.6447713,52.35041870502755,126.3,0.5961257937753246,-0.8223883202828354,-0.615763670396458
2,M->A,1787379497.781975,52.48762265499681,126.4,0.6115826893232891,-0.8333238688533329,-0.6145815631045111
2,M->A,1787379497.8581247,52.563771554036066,126.5,0.6270559709738243,-0.8442305497209268,-0.6135039106529457
2,M->A,1787379497.8708608,52.57650761900004,126.5,0.6425409774080054,-0.8551200752090449,-0.6125078329845961
2,M->A,1787379497.944528,52.65017547598109,126.5,0.658035314902931,-0.8659997445811822,-0.6115555824254274
2,M->A,1787379498.0823429,52.787990062031895,126.6,0.6735410272146305,-0.8768712241179268,-0.610627287977604
2,M->A,1787379498.1584396,52.8640869060182,126.7,0.6890606065085467,-0.8877224894279633,-0.6096929386302243
2,M->A,1787379498.2333233,52.93897041998571,126.8,0.7045882916558996,-0.8985599574668358,-0.6087118724120621
2,M->A,1787379498.3711302,53.076777359994594,126.9,0.7201246064766541,-0.9093787359783527,-0.6077034881625285
2,M->A,1787379498.3859742,53.091621575993486,126.9,0.73566740000774,-0.9201779401925222,-0.6066227111445822
2,M->A,1787379498.4597116,53.16535851499066,126.9,0.7514539070893838,-0.93111661230952,-0.60433035496483
2,M->A,1787379498.6028655,53.308513330994174,127.1,0.7670532013086313,-0.9418629119896149,-0.6019116296737206
2,M->A,1787379498.6188421,53.32448899000883,127.1,0.7826574060121697,-0.9525664766006694,-0.6001788044870416
2,M->A,1787379498.6934443,53.399091413011774,127.1,0.7982697719893955,-0.9632363724044821,-0.5987347305395485
2,M->A,1787379498.8311749,53.53682205802761,127.2,0.8138934488548751,-0.9738844746316078,-0.5973586699340879
2,M->A,1787379498.841922,53.54756893002195,127.3,0.8298049447867926,-0.9846879177746266,-0.5943401645970802
2,M->A,1787379498.9136748,53.6193219400011,127.3,0.8455136838815391,-0.9952713122106076,-0.5910707724405666
2,M->A,1787379499.0508227,53.7564697820344,127.4,0.8612365768289545,-1.005799055994768,-0.5887227988567482
2,M->A,1787379499.1887462,53.89439343201229,127.5,0.8769687374045759,-1.0162852425368032,-0.5867407811775027
2,M->A,1787379499.2653377,53.970985222025774,127.6,0.8928579506077265,-1.0268267927650805,-0.584469480891893
2,M->A,1787379499.3426065,54.048253957007546,127.7,0.908825951659645,-1.0373440292317706,-0.5792863803451822
2,M->A,1787379499.3557477,54.06139440397965,127.7,0.9246644576210609,-1.0476708408440762,-0.575600979611948
2,M->A,1787379499.4291003,54.13474832702195,127.7,0.9405191847850916,-1.057931175847072,-0.5727103994703643
2,M->A,1787379499.505675,54.211321968992706,127.8,0.9567560278646464,-1.068365440568218,-0.5674174886196923
2,M->A,1787379499.646873,54.35252077301266,127.9,0.9727329975814015,-1.078494388255919,-0.5619997394561894
2,M->A,1787379499.7838392,54.48948657803703,128.0,0.9889082560907416,-1.0886387596285398,-0.5575935569541012
2,M->A,1787379499.921946,54.62759339698823,128.1,1.005495274978363,-1.0988935851967514,-0.5461726383793315
2,M->A,1787379499.9373612,54.64300824498059,128.2,1.0219776000152607,-1.1087986566295365,-0.533688031408845
2,M->A,1787379499.9490447,54.65469162003137,128.2,1.0383471381601144,-1.118391616910408,-0.5255567050828023
2,M->A,1787379500.0213919,54.727038985001855,128.2,1.0547411454845879,-1.1278537250586953,-0.5205339730363578
2,M->A,1787379500.158526,54.86417347303359,128.3,1.0711704080031021,-1.1372310545694055,-0.5156530993564719
2,M->A,1787379500.2962403,55.001888236030936,128.4,1.0876939179560483,-1.1465553393303056,-0.5105227545260003
2,M->A,1787379500.310907,55.01655381103046,128.5,1.1043274926688973,-1.1558178788177114,-0.5036933661304953
2,M->A,1787379500.3232093,55.0288559650071,128.5,1.1209630035634006,-1.1649269205834956,-0.4972812882039168
2,M->A,1787379500.4588313,55.16447844001232,128.6,1.1376808413047685,-1.1739303117882762,-0.48895898249999165
2,M->A,1787379500.5970147,55.30266211199341,128.7,1.1544368187015954,-1.1827901165042223,-0.48278064506740775
2,M->A,1787379500.7370172,55.44266445998801,128.8,1.1713003543537612,-1.1915515135125927,-0.47341287009986843
2,M->A,1787379500.8741775,55.579824491986074,128.9,1.1882111085653804,-1.200150307084648,-0.4664008934935959
2,M->A,1787379500.9504528,55.65609974198742,129.0,1.2052467361658026,-1.2086377091663403,-0.455628640649132
2,M->A,1787379500.9627612,55.66840828000568,129.0,1.2223260703477443,-1.2169363753682332,-0.44778853890054077
2,M->A,1787379500.9739563,55.67960333300289,129.0,1.2395421507084063,-1.2251077947138957,-0.435584123861832
2,M->A,1787379501.0456223,55.75126996601466,129.0,1.2568128961476672,-1.2330741073323874,-0.4268738529273759
2,M->A,1787379501.1833801,55.889027355995495,129.1,1.274668381604219,-1.2410515583590522,-0.40802214784503066
2,M->A,1787379501.3220835,56.027730647008866,129.2,1.2924568626584,-1.2485795238866906,-0.38892592427044
2,M->A,1787379501.4602878,56.16593497100985,129.4,1.3100054622812718,-1.2556683802562114,-0.3773908167881688
2,M->A,1787379501.5980406,56.30368764302693,129.5,1.3276414519256878,-1.2626077445928878,-0.3695652243149495
2,M->A,1787379501.613951,56.31959791498957,129.5,1.3453663098270505,-1.2694110901734184,-0.3619995842701545
2,M->A,1787379501.6260478,56.33169453003211,129.5,1.3631674955956508,-1.2761291272823054,-0.3533890624331721
2,M->A,1787379501.635978,56.341624705994036,129.5,1.3811431657422233,-1.2826698881169816,-0.34328339739206726
2,M->A,1787379501.7105377,56.41618462197948,129.6,1.3990626991143158,-1.2889914602527512,-0.334522996915393
2,M->A,1787379501.7840016,56.48964857897954,129.6,1.4170673105349993,-1.2951846963103337,-0.3234216662186842
2,M->A,1787379501.9219935,56.6276410970022,129.7,1.4354769377519814,-1.3012852484671633,-0.3113811299168589
2,M->A,1787379502.059773,56.7654202330159,129.8,1.4539776616499087,-1.3071113446466451,-0.29320502433269674
2,M->A,1787379502.1970556,56.90270320198033,130.0,1.4722867298240225,-1.3125244768305337,-0.2792561700519095
2,M->A,1787379502.2739027,56.97955023800023,130.0,1.4904722401441435,-1.3176598443190293,-0.2712430012591009
2,M->A,1787379502.4137983,57.119445784017444,130.1,1.508803211174343,-1.3227111021446625,-0.26372814126006505
2,M->A,1787379502.5574892,57.263136107998434,130.2,1.5272922444754997,-1.3276386996259293,-0.2550523697571632
2,M->A,1787379502.6993768,57.405024753999896,130.3,1.5456747780520332,-1.3324026780437457,-0.24571565183337554
2,M->A,1787379502.7137876,57.4194347790326,130.4,1.564562210469616,-1.337124612364549,-0.23580189185561296
2,M->A,1787379502.72494,57.430587038979866,130.4,1.5835008185757373,-1.3414766833623466,-0.22013630687020486
2,M->A,1787379502.7351792,57.44082609703764,130.4,1.6021852631923166,-1.3455965269407297,-0.2076401061414241
2,M->A,1787379502.7448614,57.450508170994,130.4,1.6207016213202927,-1.3494792320621039,-0.20050996735595356
2,M->A,1787379502.8192785,57.52492538403021,130.5,1.6394983769179408,-1.353241108083754,-0.19362120061390933
2,M->A,1787379502.891637,57.597283915034495,130.5,1.6583671408094274,-1.3568036106697423,-0.18331475794102264
2,M->A,1787379503.026891,57.73253823199775,130.6,1.6769797366835422,-1.360250267663481,-0.17607266838584973
2,M->A,1787379503.1021779,57.807824713992886,130.7,1.695951715044386,-1.3635840398510897,-0.16673861098506254
2,M->A,1787379503.1768775,57.882524945016485,130.7,1.7151416195474205,-1.3666526781457762,-0.15309577531916133
2,M->A,1787379503.3149726,58.020619989023544,130.8,1.7340326191825997,-1.3695428083380654,-0.14161458150392373
2,M->A,1787379503.4527423,58.15838974801591,130.9,1.7528104288030124,-1.372154236350042,-0.13538388877134197
2,M->A,1787379503.5903704,58.296017576998565,131.1,1.7719635569729155,-1.374744075379261,-0.12914407045809742
2,M->A,1787379503.6034918,58.30913904099725,131.1,1.7911728342356048,-1.3771900619220936,-0.11983113829806366
2,M->A,1787379503.614975,58.320621651015244,131.1,1.8100852642903456,-1.3793778739033982,-0.11328152430427899
2,M->A,1787379503.6885483,58.394195746979676,131.1,1.8292184519307337,-1.3815101169996455,-0.10281465812496211
2,M->A,1787379503.8270736,58.532720744027756,131.2,1.8480070854352233,-1.3833508781623471,-0.09435257291967435
2,M->A,1787379503.9647403,58.670388213999104,131.4,1.866761022992464,-1.3851453676931407,-0.0898584690245101
2,M->A,1787379504.1027095,58.808357327012345,131.5,1.8856673509961572,-1.3867746953094522,-0.08623314655571285
2,M->A,1787379504.240342,58.94598915701499,131.6,1.904585396064937,-1.3884423627025666,-0.0798978964881923
2,M->A,1787379504.3796382,59.08528566098539,131.7,1.9234288388873466,-1.389837589444042,-0.0757744426665675
2,M->A,1787379504.4556913,59.16133815702051,131.8,1.9427268473883677,-1.391299868073534,-0.06873717765401487
2,M->A,1787379504.4678059,59.173452614981215,131.8,1.9617949372343646,-1.3925729033122156,-0.05815732249194562
2,M->A,1787379504.4781945,59.183841074991506,131.8,1.9807545708616672,-1.3936711496416896,-0.05173748147860864
2,M->A,1787379504.4880612,59.19370781898033,131.8,1.99969312279003,-1.3945536284708955,-0.04751949328058754
2,M->A,1787379504.4970548,59.20270146499388,131.8,2.01863027759414,-1.3954786706004119,-0.044076664841745404
2,M->A,1787379504.5056272,59.21127382601844,131.9,2.0375779186107077,-1.396238317591995,-0.04089330547758957
2,M->A,1787379504.6400895,59.34573666000506,131.9,2.056542521274374,-1.3970069004749774,-0.03775648207426549
2,M->A,1787379504.7798216,59.485468642029446,132.0,2.0755186969833073,-1.3977673507374122,-0.034611291370244296
2,M->A,1787379504.918936,59.62458316498669,132.1,2.09449343800968,-1.3983437080633663,-0.03150347857235713
2,M->A,1787379505.0576324,59.7632797100232,132.2,2.1134857343556552,-1.3990262138215548,-0.02842321173650586
2,M->A,1787379505.0716877,59.77733456302667,132.3,2.132491776155077,-1.3994587919407195,-0.025252179763960804
2,M->A,1787379505.0835261,59.78917314799037,132.3,2.151495116920196,-1.3998886600755833,-0.022084602505523833
2,M->A,1787379505.2199032,59.925550833984744,132.4,2.170500148689466,-1.4003893260043676,-0.01891857916058392
2,M->A,1787379505.357147,60.062794295023195,132.5,2.189519748432123,-1.4007233025019725,-0.015777105970158408
2,M->A,1787379505.4334106,60.13905772799626,132.6,2.2085420289983455,-1.4010017248045403,-0.012647162579910989
2,M->A,1787379505.5086267,60.21427358803339,132.7,2.227563559556737,-1.401223216018819,-0.00956371543742636
2,M->A,1787379505.5825434,60.28819048200967,132.7,2.2465897603160703,-1.4014010080378259,-0.006588216129188141
2,M->A,1787379505.5981364,60.30378330103122,132.7,2.2656160358371373,-1.4015066541184682,-0.0036484659634727443
2,M->A,1787379505.7369413,60.442588570993394,132.8,2.2846455578489935,-1.401537554142635,-0.0007940808831422726
2,M->A,1787379505.8137012,60.519348560017534,132.9,2.3036781687228447,-1.4015479435805043,0.0019801086488360465
2,M->A,1787379505.826359,60.53200588800246,132.9,2.3227130587760803,-1.4014956721170517,0.004661348941109786
2,M->A,1787379505.9636843,60.66933160502231,133.0,2.3417485601817996,-1.401390342628863,0.007241185374860036
2,M->A,1787379506.0380552,60.74370281101437,133.0,2.3607882406241676,-1.4012181819779228,0.009729155005897034
2,M->A,1787379506.1757379,60.88138486200478,133.2,2.3798220923827924,-1.401026888648766,0.01213817199891624
2,M->A,1787379506.3126264,61.01827341102762,133.3,2.398856404631134,-1.4007643275189172,0.01444967393107626
2,M->A,1787379506.450668,61.15631516900612,133.4,2.417891375733385,-1.4004901240333596,0.016643189784224948
2,M->A,1787379506.5267751,61.23242218402447,133.5,2.4369235625273324,-1.4001634588707719,0.018729860376635096
2,M->A,1787379506.53929,61.24493693799013,133.5,2.4559556299125345,-1.3997405143376178,0.02068074688364305
2,M->A,1787379506.55067,61.25631680502556,133.5,2.474988313031894,-1.3993943963564641,0.02243080965797191
2,M->A,1787379506.6260517,61.33169938001083,133.5,2.4940265789206353,-1.3989501142147651,0.024113760908959777
2,M->A,1787379506.7679443,61.473591808986384,133.6,2.5130587953127046,-1.3984785583414117,0.025628256936543595
2,M->A,1787379506.9057043,61.61135133099742,133.7,2.532093781652823,-1.3979798623434592,0.027056485448429892
2,M->A,1787379507.0436401,61.74928724300116,133.9,2.5511314479557368,-1.3974250123001999,0.02833646199505187
2,M->A,1787379507.0562243,61.7618710520328,133.9,2.5701651581430247,-1.396917037889819,0.02944770570713168
2,M->A,1787379507.0672035,61.77285062900046,133.9,2.589200966461171,-1.3963201383454193,0.030472649384860752
2,M->A,1787379507.1397676,61.84541453898419,133.9,2.6082331583336886,-1.3957282673302094,0.031277459725031716
2,M->A,1787379507.2771273,61.98277414700715,134.0,2.6272662278689167,-1.3951593773547615,0.031913641815358565
2,M->A,1787379507.4149802,62.12062713201158,134.1,2.646295817989376,-1.3945410100988735,0.032370225280903074
2,M->A,1787379507.5528088,62.25845580303576,134.3,2.6653257260469196,-1.393915956280325,0.03261656385678402
2,M->A,1787379507.6911838,62.3968311130302,134.4,2.6843587418548607,-1.3933145898904393,0.03267512866794046
2,M->A,1787379507.7091146,62.4147616160335,134.4,2.703391260139403,-1.3926890907547278,0.03241233638429046
2,M->A,1787379507.7219992,62.42764625698328,134.4,2.7224272662841766,-1.3920741864671062,0.03198981455836603
2,M->A,1787379507.7366426,62.44228961400222,134.5,2.7414650203984006,-1.3914762757618189,0.03137078553194815
2,M->A,1787379507.812204,62.51785073702922,134.5,2.760504766357994,-1.3908740271976967,0.03053217245116729
2,M->A,1787379507.8876126,62.593260078981984,134.5,2.7795450774840447,-1.3903084431470971,0.029340261629374694
2,M->A,1787379508.0259454,62.73159325798042,134.6,2.7985867743171036,-1.38976520047465,0.027875839670039627
2,M->A,1787379508.1644459,62.87009347201092,134.8,2.817628054072665,-1.3892363743757996,0.02621620723986968
2,M->A,1787379508.3036284,63.009276017022785,134.9,2.836670568994117,-1.388752741042224,0.024221414373221752
2,M->A,1787379508.380461,63.08610791002866,135.0,2.8557135695098697,-1.3883141909933285,0.021937615182731098
2,M->A,1787379508.393396,63.0990429649828,135.0,2.874759061458934,-1.3878873839300085,0.019179147042872626
2,M->A,1787379508.405298,63.110944610030856,135.0,2.8938080145134397,-1.3875726584850594,0.016034061393309134
2,M->A,1787379508.4779973,63.1836444530054,135.0,2.9128594542852664,-1.3872929411472918,0.012478951849872416
2,M->A,1787379508.6149313,63.320578887010925,135.1,2.931914901893615,-1.3870842466726512,0.008494144865114994
2,M->A,1787379508.7523193,63.4579665120109,135.2,2.9509734365373594,-1.386952729579731,0.004111504175544854
2,M->A,1787379508.8912373,63.59688460599864,135.3,2.970033902928958,-1.3869086108661912,-0.0006985082541471724
2,M->A,1787379508.9049723,63.610619193001185,135.4,2.9890951220311273,-1.386957698158469,-0.005943683682874224
2,M->A,1787379509.0412917,63.74693908303743,135.4,3.0081564623180532,-1.387112347292011,-0.011731660052029125
2,M->A,1787379509.0559187,63.76156555203488,135.5,3.0272172911236326,-1.3873801197241002,-0.01792419061342951
2,M->A,1787379509.0690622,63.77470899699256,135.5,3.046277692049663,-1.387768869871362,-0.024662487638787593
2,M->A,1787379509.2058372,63.9114850339829,135.6,3.0653365236476384,-1.388290589866048,-0.03203974393472762
2,M->A,1787379509.344187,64.0498343189829,135.7,3.0843924789702117,-1.3889569681101628,-0.0400380579241683
2,M->A,1787379509.4813807,64.18702771002427,135.8,3.1034442592824796,-1.3897799309640977,-0.04862578419660607
2,M->A,1787379509.6189358,64.32458289602073,135.9,3.122490750258163,-1.390771578665201,-0.057771460855498995
2,M->A,1787379509.7571135,64.46276091900654,136.0,3.1415310526074376,-1.391942108804311,-0.0677142354538029
2,M->A,1787379509.773471,64.47911816998385,136.1,3.160561029391942,-1.3933070291280936,-0.0783616336414482
2,M->A,1787379509.7852495,64.490896488016,136.1,3.17957597364685,-1.3948781539261315,-0.08954926470364172
2,M->A,1787379509.7954824,64.50112926302245,136.1,3.1985736615815177,-1.396667332006932,-0.10161749483692292
2,M->A,1787379509.8048277,64.51047465199372,136.1,3.217549541744621,-1.3986919399959534,-0.11434474165473339
2,M->A,1787379509.9430501,64.6486975600128,136.2,3.236500168194235,-1.4009626263929933,-0.12783461024213513
2,M->A,1787379510.0814626,64.78710990602849,136.3,3.2554204958228867,-1.4034943344357926,-0.14213258054738478
2,M->A,1787379510.2204096,64.92605666600866,136.4,3.2724036905367937,-1.4059989808998687,-0.1521718292809628
2,M->A,1787379510.3578274,65.0634746979922,136.5,3.2878166525036296,-1.4083875896886084,-0.15717132248737242
2,M->A,1787379510.4939163,65.19956340099452,136.6,3.3032332681825887,-1.4108856646989432,-0.1676206611054764
2,M->A,1787379510.6305783,65.33622591302264,136.7,3.3186339780058054,-1.4135668008441018,-0.1817731583133566
2,M->A,1787379510.7703674,65.47601502202451,136.8,3.3339946518347006,-1.4164766573970657,-0.1974693093878484
2,M->A,1787379510.7867956,65.49244257103419,136.9,3.3493086867642887,-1.4196394276532158,-0.21399668156096374
2,M->A,1787379510.798834,65.50448104203679,136.9,3.3645686730442637,-1.423054594474786,-0.231123902884104
2,M->A,1787379510.8094208,65.51506737997988,136.9,3.3797542186120384,-1.4267301451379095,-0.24851465532218237
2,M->A,1787379510.8192701,65.52491693600314,136.9,3.3948730483808984,-1.430655362086787,-0.2640767003928618
2,M->A,1787379510.8276885,65.53333499399014,136.9,3.4099425302365276,-1.4348308451465535,-0.28173199508451513
2,M->A,1787379510.8350947,65.54074129502987,136.9,3.4248992207527222,-1.4392582114367145,-0.2973848766406315
2,M->A,1787379510.9701712,65.67581838503247,137.0,3.4398203742353886,-1.4439142264111906,-0.31398117003516307
2,M->A,1787379511.1074812,65.81312847801019,137.1,3.454689590317675,-1.4488506718974135,-0.3287384469669005
2,M->A,1787379511.1841502,65.88979702797951,137.2,3.4694584019384767,-1.4539741602261866,-0.34485869618577664
2,M->A,1787379511.3215113,66.02715833100956,137.3,3.483802490257009,-1.4592354656250954,-0.3628821015314342
2,M->A,1787379511.4599698,66.1656169249909,137.4,3.496825345918597,-1.4642343971187877,-0.3706024412532291
2,M->A,1787379511.5974588,66.30310648103477,137.5,3.509761142867818,-1.4692861799358043,-0.37917442879231067
2,M->A,1787379511.734929,66.44057610601885,137.6,3.5226808355461054,-1.4745194179074244,-0.3941596744344314
2,M->A,1787379511.8747745,66.58042168599786,137.7,3.5355625065768193,-1.4799616509964824,-0.41165751024040975
2,M->A,1787379511.9510021,66.65664900001138,137.8,3.5483519594183996,-1.4856288345547086,-0.42738326217071015
2,M->A,1787379511.963737,66.66938394500175,137.8,3.56103722597674,-1.491499968347203,-0.4445758534819874
2,M->A,1787379511.9746163,66.68026298703626,137.8,3.5737000804859957,-1.4976236880531135,-0.45793664222544633
2,M->A,1787379511.9846706,66.6903174330364,137.8,3.586603388404617,-1.5040269952618677,-0.4661996246281323
2,M->A,1787379511.9941807,66.6998273350182,137.9,3.599094759851656,-1.510362398925297,-0.4756027847135775
2,M->A,1787379512.0650697,66.77071663399693,137.9,3.610255333090791,-1.5161877701795732,-0.48879694866264517
2,M->A,1787379512.2024705,66.90811781299999,138.0,3.6214623644616872,-1.5221882222786278,-0.5021001354026484
2,M->A,1787379512.3404193,67.04606628901092,138.1,3.6331110767995276,-1.5286850372793066,-0.5165504516716366
2,M->A,1787379512.4788127,67.18446053698426,138.2,3.6446308308857795,-1.5352639598099256,-0.5311932212579544
2,M->A,1787379512.615954,67.3216009910102,138.3,3.6560559947975766,-1.5420882370211453,-0.5423524225947339
2,M->A,1787379512.7555125,67.46115997398738,138.4,3.6680174806516894,-1.5493002671426124,-0.5513929461545296
2,M->A,1787379512.8955545,67.60120160598308,138.5,3.679689054978504,-1.5565449928852222,-0.5570189243179483
2,M->A,1787379512.9097621,67.61540899798274,138.6,3.6905963676647833,-1.563415362673138,-0.5659173273701813
2,M->A,1787379512.9222677,67.62791465898044,138.6,3.701456875471172,-1.5702977384453707,-0.5758891322549726
2,M->A,1787379512.9330885,67.6387353320024,138.6,3.712324379874601,-1.5774197638947485,-0.5855350938028304
2,M->A,1787379513.0050542,67.71070154098561,138.6,3.723555281850504,-1.5849728151879432,-0.5949341970135548
2,M->A,1787379513.1431255,67.84877364203567,138.7,3.7344236460576368,-1.5923552922158182,-0.6049768635588186
2,M->A,1787379513.2814496,67.98709702002816,138.8,3.7456610065731746,-1.6002313689865058,-0.6155232551626052
2,M->A,1787379513.4199076,68.1255553580122,138.9,3.7568421568874304,-1.608159252483772,-0.6250366214535152
2,M->A,1787379513.433745,68.13939162000315,139.0,3.7669991046670837,-1.6155229929600103,-0.6335080680977864
2,M->A,1787379513.4448688,68.15051576599944,139.0,3.7773724764374292,-1.623247107438381,-0.6411711753414404
2,M->A,1787379513.5171745,68.2228214549832,139.0,3.7883923284915184,-1.6314265892919941,-0.6478504106358249
2,M->A,1787379513.654985,68.36063261999516,139.1,3.7989933886298917,-1.6395613570669119,-0.655847905996587
2,M->A,1787379513.7957408,68.50138784502633,139.2,3.8094229065075074,-1.6475945354081736,-0.6660964530280721
2,M->A,1787379513.9353914,68.64103865402285,139.3,3.8201931318075912,-1.6561825031825363,-0.6750331073591135
2,M->A,1787379513.9487133,68.65436032100115,139.4,3.831647294394539,-1.6653342438435943,-0.6826957477418787
2,M->A,1787379513.9605298,68.66617680998752,139.4,3.8426349626129395,-1.674386378634549,-0.6906745953727603
2,M->A,1787379514.0338118,68.73945883003762,139.4,3.8530491447981765,-1.683046675046941,-0.6984002295590077
2,M->A,1787379514.171066,68.8767132430221,139.5,3.864537085986081,-1.6927293219280797,-0.7087549702282935
2,M->A,1787379514.3087544,69.01440167200053,139.6,3.8759448058720953,-1.7025910833275686,-0.7185470227853573
2,M->A,1787379514.38473,69.09037717198953,139.8,3.887653225998482,-1.71287074547334,-0.7294337852286653
2,M->A,1787379514.3974454,69.10309224302182,139.8,3.8987083031240597,-1.7228986232418544,-0.7362886026501455
2,M->A,1787379514.5336587,69.23930579901207,139.8,3.9102729974097645,-1.733301753955197,-0.7400742340835516
2,M->A,1787379514.6083553,69.31400269898586,139.9,3.9229024080547608,-1.7448959220877904,-0.7479601367039048
2,M->A,1787379514.746075,69.45172226399882,140.0,3.936476331261779,-1.7576272474189767,-0.7604584721025749
2,M->A,1787379514.8841128,69.58976076403633,140.1,3.950235515133262,-1.7708776078353008,-0.7701832627929063
2,M->A,1787379515.024677,69.73032467201119,140.2,3.963542765546881,-1.7838593089285553,-0.7798091590228355
2,M->A,1787379515.0417,69.74734685901785,140.3,3.9771600398412144,-1.7974520043519282,-0.7868156175764434
2,M->A,1787379515.0520182,69.7576649520197,140.3,3.990431343633603,-1.8108259584708697,-0.7940418692977114
2,M->A,1787379515.0615392,69.76718568202341,140.3,4.0033599795108925,-1.8240412775746946,-0.8007417508002744
2,M->A,1787379515.1329405,69.83858764002798,140.3,4.016478798436512,-1.8376201820192006,-0.8083000061229533
2,M->A,1787379515.2726963,69.97834349202458,140.4,4.029196988190343,-1.8510443499839553,-0.8178412577186813
2,M->A,1787379515.4107642,70.11641152098309,140.6,4.041696241929264,-1.8644554682571903,-0.825664394385397
2,M->A,1787379515.423489,70.12913595000282,140.6,4.0540440117679655,-1.8779806124012075,-0.836496189551654
2,M->A,1787379515.4349093,70.14055630000075,140.6,4.067030764265245,-1.8924692875670237,-0.8417461394383948
2,M->A,1787379515.57109,70.27673812402645,140.7,4.079972412760245,-1.9068712760860078,-0.8398172816515662
2,M->A,1787379515.708709,70.41435719002038,140.8,4.092444156092605,-1.9208288468568553,-0.8425695997630506
2,M->A,1787379515.785016,70.4906629610341,140.9,4.105001296148373,-1.934963826659102,-0.8457734283528525
2,M->A,1787379515.8622103,70.56785721803317,141.0,4.1172742983672,-1.9488761298244937,-0.8515011971712444
2,M->A,1787379515.9370673,70.64271469798405,141.0,4.129643499701127,-1.9630195020641186,-0.8557381554904901
2,M->A,1787379515.951688,70.65733473701403,141.1,4.141639608094624,-1.9769523848784407,-0.8601798099191175
2,M->A,1787379516.0889268,70.79457454901421,141.1,4.153987047356688,-1.9913209558178309,-0.8635266640685726
2,M->A,1787379516.1656284,70.87127575802151,141.2,4.1664394064781485,-2.005861925953957,-0.8628332028928553
2,M->A,1787379516.1786928,70.88433991803322,141.2,4.178614258800881,-2.020120035982861,-0.862483010715071
2,M->A,1787379516.3161407,71.021788277023,141.3,4.190937776421695,-2.034462770154477,-0.8616921257612287
2,M->A,1787379516.4555173,71.16116442199564,141.4,4.202595743119544,-2.0481138971376947,-0.8651483614983085
2,M->A,1787379516.531871,71.23751793103293,141.5,4.214680007208715,-2.062343770962426,-0.8716958673189857
2,M->A,1787379516.5444539,71.25010084098903,141.5,4.226804170252037,-2.0768133521541885,-0.8733879409057721
2,M->A,1787379516.6174374,71.32308486901456,141.5,4.2389318055421885,-2.091333302747769,-0.8739167608582699
2,M->A,1787379516.7565641,71.46221130399499,141.7,4.251085342179685,-2.1058200445848443,-0.8722088436697949
2,M->A,1787379516.8935063,71.59915365203051,141.8,4.262842040088113,-2.1197563400408272,-0.8716191400709982
2,M->A,1787379516.9095418,71.61518968001474,141.8,4.274980396773948,-2.1343072564657555,-0.8762767055616598
2,M->A,1787379516.9834294,71.68907666701125,141.8,4.2874032476145345,-2.1492137743749713,-0.8753072155666105
2,M->A,1787379517.1209013,71.82654874603031,141.9,4.29929733894318,-2.163355462114946,-0.8713407715033855
2,M->A,1787379517.1344202,71.84006706799846,142.0,4.3114722528303515,-2.177840805182538,-0.8705162182493472
2,M->A,1787379517.2083788,71.91402616800042,142.0,4.323459544392626,-2.1921201646188444,-0.8730039682316664
2,M->A,1787379517.3454118,72.05105904501397,142.1,4.335236826366432,-2.2061747937199634,-0.8743693325564321
2,M->A,1787379517.4825323,72.188179675024,142.2,4.347381806317297,-2.2207541212186768,-0.8777484686710683
2,M->A,1787379517.6204667,72.32611392700346,142.3,4.359174231099091,-2.234910170696761,-0.876864868383041
2,M->A,1787379517.6355548,72.34120163402986,142.4,4.371301355684276,-2.249448209587706,-0.8752686343038145
2,M->A,1787379517.6477325,72.35337952798,142.4,4.383114129347806,-2.263653845538631,-0.8761108117352355
2,M->A,1787379517.7208288,72.42647616501199,142.4,4.3954372887551765,-2.2783841089361396,-0.874155646718731
2,M->A,1787379517.8582916,72.56393923499854,142.5,4.407420754737477,-2.292689214889664,-0.8699588738437972
2,M->A,1787379517.9991486,72.70479593903292,142.6,4.419417925469271,-2.3069375459365924,-0.8698829954076768
2,M->A,1787379518.1368432,72.84249096998246,142.7,4.431372781841615,-2.3210678491151806,-0.8693129696508838
2,M->A,1787379518.1507828,72.85642973298673,142.8,4.443356635399249,-2.335285138325007,-0.8727572741757313
2,M->A,1787379518.1622648,72.86791153199738,142.8,4.455460249727475,-2.3497759137194767,-0.8727611414668018
2,M->A,1787379518.2346044,72.9402516700211,142.8,4.4674933726675,-2.363991551657196,-0.8678121922782117
2,M->A,1787379518.3115242,73.01717128203018,142.9,4.479087182690778,-2.3777199231019663,-0.865944884801161
2,M->A,1787379518.4491227,73.15477000398096,143.0,4.490919259062497,-2.391482692927751,-0.8599097150763021
2,M->A,1787379518.5864172,73.2920644590049,143.1,4.501835596402626,-2.40421381206657,-0.860746082091603
2,M->A,1787379518.7261577,73.43180624803063,143.2,4.51294404864674,-2.4171563098995024,-0.8634618760514663
2,M->A,1787379518.8658042,73.57145205402048,143.3,4.523937311010486,-2.430001168882772,-0.8587301779608982
2,M->A,1787379519.0067985,73.7124455680023,143.4,4.534676005419698,-2.442360206892933,-0.8518261638964342
2,M->A,1787379519.1441238,73.8497710369993,143.5,4.544896589777473,-2.453968912708401,-0.8463095034750017
2,M->A,1787379519.2812605,73.98690784501377,143.7,4.5551563533332144,-2.4655700850251794,-0.8469355842145934
2,M->A,1787379519.4184306,74.12407766102115,143.8,4.5651147267711805,-2.4768229977074734,-0.8453142610481309
2,M->A,1787379519.4944444,74.20009129401296,143.9,4.574719442470686,-2.4876350426435963,-0.8419588064223271
2,M->A,1787379519.5066924,74.21233911399031,143.9,4.583992965771508,-2.4980349653716334,-0.8421080220085058
2,M->A,1787379519.5180812,74.22372817702126,143.9,4.593205284964504,-2.5083723295285707,-0.8415698857600977
2,M->A,1787379519.5280194,74.23366602201713,143.9,4.602448864738688,-2.518599048379729,-0.83769326271365
2,M->A,1787379519.536167,74.2418136090273,143.9,4.6108023913546194,-2.5279391153259585,-0.8411684549892997
2,M->A,1787379519.5433419,74.2489885680261,143.9,4.619337131288364,-2.5375593022292207,-0.8457126542659638
2,M->A,1787379519.5501137,74.25576043798355,143.9,4.627878932340787,-2.5471589540529687,-0.8435047954547037
2,M->A,1787379519.5562735,74.26192004198674,143.9,4.6361081703915215,-2.5563584826255648,-0.8380846478125674
2,M->A,1787379519.6933663,74.39901392703177,144.0,4.643976814843549,-2.565072441004952,-0.8361537964912255
2,M->A,1787379519.7729762,74.47862332401564,144.1,4.651944103983516,-2.5739711073894513,-0.8367088673833938
2,M->A,1787379519.9112794,74.61692666698946,144.2,4.660082563564559,-2.582896340261493,-0.8318085236076477
2,M->A,1787379520.051312,74.75695921701845,144.3,4.667632847174629,-2.591216031186112,-0.8285766604503427
2,M->A,1787379520.1900434,74.8956907170359,144.4,4.675207853437491,-2.599365701579928,-0.8234019000122096
2,M->A,1787379520.2667143,74.9723614579998,144.5,4.682325743175158,-2.6070509571232234,-0.8212821071713332
2,M->A,1787379520.281106,74.98675289598759,144.5,4.689228586848823,-2.61452827855829,-0.8246521982510877
2,M->A,1787379520.3539677,75.05961518199183,144.5,4.696307087662935,-2.622191850801314,-0.8261163071170649
2,M->A,1787379520.4918225,75.1974701579893,144.6,4.703284092927477,-2.629761532568415,-0.821950406658717
2,M->A,1787379520.630792,75.33643988298718,144.7,4.71015473916132,-2.6370772369590845,-0.816773706976902
2,M->A,1787379520.7763636,75.48201077699196,144.9,4.719754193030304,-2.647247010356732,-0.8120592938549869
2,M->A,1787379520.7955067,75.50115353701403,144.9,4.7285454675677405,-2.656606226754702,-0.8188978424929916
2,M->A,1787379520.874912,75.58055876998696,145.0,4.7377379016419905,-2.666426471279828,-0.8193294392029774
2,M->A,1787379521.0818145,75.78746174799744,145.1,4.74645742384832,-2.675711237456462,-0.8115727172525175
2,M->A,1787379521.1663952,75.87204191402998,145.2,4.754827799804642,-2.6845199953281735,-0.8083648152619515
2,M->A,1787379521.3728287,76.07847567100544,145.3,4.762818560027416,-2.6928569711005665,-0.8062228272232167
2,M->A,1787379521.5793123,76.28495997900609,145.5,4.770859847406662,-2.7012111066012086,-0.8071787403988069
2,M->A,1787379521.6627727,76.36841962300241,145.6,4.779320828076219,-2.710047544189931,-0.8101077991357977
2,M->A,1787379521.6807725,76.38641964900307,145.6,4.788874194166472,-2.7202415708866017,-0.8193263764544011
2,M->A,1787379521.8853154,76.59096229501301,145.7,4.797663536022262,-2.729657901930951,-0.8291486844283322
2,M->A,1787379521.9048803,76.61052727903007,145.8,4.805388291170127,-2.738310852710152,-0.8515195411545735
2,M->A,1787379522.110796,76.81644356600009,145.9,4.81317510492892,-2.747300917841274,-0.8658096674456747
2,M->A,1787379522.3172534,77.02290062198881,146.1,4.820425512215526,-2.75585070479472,-0.8728689555252943
2,M->A,1787379522.406609,77.11225616099546,146.2,4.827298590922335,-2.7640633167539823,-0.879945064712518
2,M->A,1787379522.4902554,77.19590266299201,146.2,4.835611167814998,-2.7743669266010036,-0.9028322117606531
2,M->A,1787379522.6990519,77.40469909698004,146.4,4.842061849682235,-2.782592120439753,-0.9106414501381711
2,M->A,1787379522.9750087,77.68065597699024,146.6,4.849457302726355,-2.792165032186455,-0.9238207372647271
2,M->A,1787379523.0009246,77.70657158899121,146.7,4.856512618795785,-2.801656317501189,-0.9355658679526757
2,M->A,1787379523.1507971,77.85644441703334,146.8,4.863526997228058,-2.8112665013165365,-0.9456104108366533
2,M->A,1787379523.362382,78.06802917202003,146.9,4.8696815863400795,-2.8197905136584853,-0.9575299783051879
2,M->A,1787379523.5772285,78.28287613898283,147.1,4.875741539783643,-2.8286518544896566,-0.976569222317875
2,M->A,1787379523.7280571,78.43370477698045,147.2,4.881633682608516,-2.8373517687660814,-0.9791939035390654
2,M->A,1787379524.0101624,78.71580954099772,147.4,4.888017985161184,-2.8470230133878607,-0.9964269686578617
2,M->A,1787379524.1718187,78.87746550003067,147.6,4.893955119109951,-2.856300030845539,-1.0120598091908672
2,M->A,1787379524.3237274,79.02937469800236,147.7,4.900087610614445,-2.8661175142876725,-1.0163727013418729
2,M->A,1787379524.5433793,79.2490259379847,147.9,4.905714397881856,-2.875451343361869,-1.0376010075192739
2,M->A,1787379524.7601836,79.46583080699202,148.0,4.911859428090813,-2.88578150381147,-1.0407061710344259
2,M->A,1787379524.9169672,79.62261446099728,148.2,4.917031091262603,-2.8948362763790345,-1.0638865278278693
2,M->A,1787379525.1985145,79.90416169300443,148.4,4.92259373683933,-2.905025045212398,-1.0752648828901457
2,M->A,1787379525.5403376,80.24598479201086,148.7,4.927988656726104,-2.9150682897106024,-1.0870796292331915
3,A->C,1787379531.325089,0.010812286986038089,153.4,4.930251435094464,-2.920401454288604,-0.037863559165782754
3,A->C,1787379536.5377731,5.223496712977067,157.5,4.9320001991549605,-2.9099714505553096,1.2804683270031056
3,A->C,1787379536.747753,5.433476702019107,157.6,4.935609452264387,-2.8972977200461316,1.3077572116685974
3,A->C,1787379536.831032,5.5167551939957775,157.8,4.93889193377291,-2.884606444239784,1.3322802702573424
3,A->C,1787379536.9105864,5.5963097349740565,157.8,4.941839976776074,-2.8718077604051095,1.365021413435355
3,A->C,1787379537.1162636,5.80198691599071,157.9,4.94436636178694,-2.858679351932502,1.4012328161047136
3,A->C,1787379537.1986468,5.884369815001264,158.1,4.946488274092015,-2.845377071396006,1.4280342986910046
3,A->C,1787379537.2151163,5.900839279987849,158.1,4.94825738218388,-2.831964412656904,1.4564454081958864
3,A->C,1787379537.2928057,5.978528877021745,158.1,4.949630687069664,-2.818476279936788,1.490446257102626
3,A->C,1787379537.437327,6.123050426016562,158.2,4.950518154145829,-2.8047381631876744,1.5273831669569178
3,A->C,1787379537.6438947,6.329618614981882,158.4,4.950938674491075,-2.7908084441439174,1.5585553506091046
3,A->C,1787379537.7284558,6.4141788390115835,158.5,4.950930399010806,-2.7767052544699373,1.5900260605545817
3,A->C,1787379537.812971,6.498694113979582,158.5,4.950459910403162,-2.762502898141704,1.623777773842075
3,A->C,1787379538.0193715,6.705095499986783,158.7,4.949483551642545,-2.7481828185657116,1.6604739743982342
3,A->C,1787379538.2248595,6.910583462973591,158.9,4.947968275926772,-2.7339257590792885,1.700591953357344
3,A->C,1787379538.2471938,6.932917148980778,158.9,4.945786913533255,-2.719170556767585,1.7405588575816802
3,A->C,1787379538.3214092,7.007132411992643,159.0,4.943993519180853,-2.7092854280688936,1.7667277920826654
3,A->C,1787379538.4583263,7.144049752969295,159.1,4.941924098709373,-2.699346222657519,1.79232604480507
3,A->C,1787379538.5954409,7.281164283980615,159.2,4.939549775806098,-2.6892604488619902,1.8179652503267754
3,A->C,1787379538.6716733,7.357396306004375,159.3,4.936909649267899,-2.6792547079635787,1.8439548389470826
3,A->C,1787379538.683895,7.369618028984405,159.3,4.9339319586084365,-2.6689450485541273,1.8634174052827062
3,A->C,1787379538.8234947,7.509218294988386,159.4,4.930709791652064,-2.6585722183263076,1.8876610583269824
3,A->C,1787379538.901271,7.586994806013536,159.4,4.927179247004824,-2.6482055240481994,1.9165901298707715
3,A->C,1787379538.9212806,7.607003693992738,159.5,4.923296624278302,-2.637802772072243,1.9446740026032676
3,A->C,1787379538.9918442,7.677566963015124,159.5,4.919085476754342,-2.627398106255135,1.9701635964821451
3,A->C,1787379539.0630817,7.748805487004574,159.5,4.9144553549797285,-2.6166626125751042,1.989068167471723
3,A->C,1787379539.2012286,7.886951952998061,159.7,4.909543119485612,-2.605858915076512,2.011549362096575
3,A->C,1787379539.3407423,8.026466077018995,159.8,4.904313380115349,-2.5950863843436416,2.040145125759658
3,A->C,1787379539.3548574,8.040580464992672,159.8,4.898616426020634,-2.584182843342989,2.06986907866907
3,A->C,1787379539.366669,8.052392333978787,159.8,4.892474703913108,-2.573223782041989,2.097980353178208
3,A->C,1787379539.5037174,8.189441179973073,159.9,4.885818522704144,-2.5620636764884326,2.1226048462576097
3,A->C,1787379539.642497,8.328220451017842,160.0,4.878738481196911,-2.550743283475613,2.139939412398967
3,A->C,1787379539.7789047,8.464627955981996,160.1,4.871215182760269,-2.5391925039137573,2.1612690053304786
3,A->C,1787379539.856877,8.542600181011949,160.2,4.863280480355834,-2.527629136033901,2.1887315002711776
3,A->C,1787379539.8697581,8.555481415009126,160.2,4.854822816809779,-2.516025100651063,2.2172939918261654
3,A->C,1787379539.8818758,8.567598887020722,160.2,4.845554077004545,-2.5040324069773776,2.244120462176538
3,A->C,1787379540.0180864,8.703810337989125,160.3,4.835749215858939,-2.492015854499258,2.2721562374050595
3,A->C,1787379540.1557286,8.841452152992133,160.4,4.824970457744444,-2.479476548670399,2.291345378522305
3,A->C,1787379540.2940211,8.979744518990628,160.5,4.813412419434928,-2.4664864193852742,2.308284072066835
3,A->C,1787379540.4294622,9.115185529983137,160.6,4.801283134370118,-2.4533624309750652,2.330250807965441
3,A->C,1787379540.5665686,9.25229238299653,160.7,4.788471052282887,-2.4401445002568343,2.355803925092628
3,A->C,1787379540.7039232,9.389646466996055,160.8,4.775049205110777,-2.4269949441186522,2.3813247765413874
3,A->C,1787379540.8420637,9.527787018974777,160.9,4.761220206996412,-2.414099299889749,2.40439684107401
3,A->C,1787379540.9818168,9.667540170019493,161.1,4.747035995364933,-2.4014496712862368,2.4263302202526607
3,A->C,1787379541.0502133,9.735936787968967,161.1,4.732571938582862,-2.3891060370939514,2.447463913661526
3,A->C,1787379541.0639768,9.749699755979236,161.2,4.716948492310564,-2.377939011498567,2.467240689226187
3,A->C,1787379541.0757911,9.761514183017425,161.2,4.702688867480042,-2.365250092542958,2.485205875085703
3,A->C,1787379541.0860593,9.771782316965982,161.2,4.687530310481041,-2.3537202386348746,2.5001643017071666
3,A->C,1787379541.0948932,9.780616456991993,161.2,4.672219174529901,-2.342406482597643,2.512445609377258
3,A->C,1787379541.1022093,9.787932123988867,161.2,4.656781551445223,-2.331269977117082,2.5223754635336557
3,A->C,1787379541.108907,9.794629800016992,161.2,4.641240283145353,-2.32027697670389,2.530517348983482
3,A->C,1787379541.1146705,9.80039329000283,161.2,4.625610628276897,-2.3093984188202605,2.5369845632901624
3,A->C,1787379541.1836026,9.869326490967069,161.2,4.609912460109117,-2.298608044673514,2.5417860142368687
3,A->C,1787379541.32152,10.007243577972986,161.3,4.594164556659104,-2.2878832509762765,2.545185643546058
3,A->C,1787379541.4594612,10.145184660970699,161.4,4.578384189265791,-2.2772027363501097,2.547367667929502
3,A->C,1787379541.598161,10.283884728967678,161.5,4.56258536661238,-2.2665477154127522,2.548710741489784
3,A->C,1787379541.7370422,10.422765775001608,161.7,4.546777046227139,-2.2559041881744695,2.5489617882920443
3,A->C,1787379541.7517014,10.437424368981738,161.7,4.530977389303755,-2.2452590651681685,2.548234641204694
3,A->C,1787379541.8270135,10.512736635981128,161.7,4.5151960988818125,-2.234600822670296,2.5468563549605028
3,A->C,1787379541.9662113,10.651934720983263,161.8,4.49943742240834,-2.22391842446823,2.544573955574221
3,A->C,1787379542.1042888,10.79001211898867,161.9,4.483708200347112,-2.2131986136837214,2.541672327957557
3,A->C,1787379542.1197946,10.805517807020806,162.0,4.468009737665784,-2.2024292023000216,2.5381775499125654
3,A->C,1787379542.19397,10.879693300987128,162.0,4.452346658990597,-2.191600024980385,2.534114466576699
3,A->C,1787379542.3313863,11.017109745007474,162.1,4.436725609176015,-2.1807019077658625,2.5294937212728863
3,A->C,1787379542.469396,11.1551196060027,162.2,4.421152557797954,-2.1697273199123344,2.524542724205379
3,A->C,1787379542.5450902,11.230813667993061,162.3,4.405630490920431,-2.1586708982497456,2.519287021708916
3,A->C,1787379542.6823342,11.368057859013788,162.4,4.390164641637673,-2.1475285556571877,2.5137106938959226
3,A->C,1787379542.758479,11.444202204002067,162.5,4.374761436002287,-2.136298727207657,2.5079930025319555
3,A->C,1787379542.771674,11.457397083984688,162.5,4.359426517690385,-2.1249820417242753,2.502177997055431
3,A->C,1787379542.7828658,11.46858877001796,162.5,4.3441655651320135,-2.1135793743283458,2.496326667802055
3,A->C,1787379542.9210303,11.606754214968532,162.6,4.328979797492737,-2.102090820223675,2.4904467994103805
3,A->C,1787379543.0583262,11.744049616972916,162.7,4.313867619137536,-2.090516034372867,2.4846527359160415
3,A->C,1787379543.0729926,11.758715656003915,162.7,4.2988235379594375,-2.0788549988591747,2.4790195098596
3,A->C,1787379543.2105966,11.896320106985513,162.8,4.283841937476399,-2.067109580861322,2.47354817142433
3,A->C,1787379543.2869198,11.972643463988788,162.9,4.2689186243147,-2.0552822637819057,2.4683023797971235
3,A->C,1787379543.421014,12.106737413967494,163.0,4.254051192821683,-2.0433755414428374,2.4632864782312884
3,A->C,1787379543.4346473,12.120370484015439,163.0,4.239238700241487,-2.031393603861327,2.4585212479045206
3,A->C,1787379543.507982,12.193705654994119,163.0,4.224481216625018,-2.0193414894500576,2.454032295391437
3,A->C,1787379543.6455774,12.331302713020705,163.2,4.209778501855922,-2.0072252722891752,2.4498241188030527
3,A->C,1787379543.7204528,12.406175651995,163.2,4.19512988571304,-1.9950519500226598,2.445933512586404
3,A->C,1787379543.793504,12.479227269010153,163.3,4.180533402249558,-1.982828052827985,2.4423913640924257
3,A->C,1787379543.8710775,12.556800996011589,163.4,4.165985137506328,-1.9705591552162782,2.4392020026014625
3,A->C,1787379544.008531,12.694255059992429,163.4,4.1514784913361265,-1.958249140922218,2.4363841550352183
3,A->C,1787379544.146388,12.832111536001321,163.5,4.137005138607868,-1.9459001899917663,2.433893579414123
3,A->C,1787379544.2845464,12.970269659010228,163.7,4.122557754034319,-1.9335147070759218,2.431814923310661
3,A->C,1787379544.360366,13.04608964198269,163.8,4.108128173179208,-1.9210976532364645,2.430169435402053
3,A->C,1787379544.3741238,13.059846733987797,163.8,4.093711165614183,-1.9086563148945876,2.428946255777291
3,A->C,1787379544.3855543,13.071277534996625,163.8,4.079304506417171,-1.8961968715795257,2.428062228332672
3,A->C,1787379544.3954232,13.081146935001016,163.8,4.064907211955832,-1.8837267230172656,2.427572933775409
3,A->C,1787379544.5325515,13.218274754995946,163.8,4.0505160795801745,-1.8712536248487068,2.4275325846940214
3,A->C,1787379544.6706202,13.356344037980307,164.0,4.036127843436434,-1.8587850252951337,2.4278417353518744
3,A->C,1787379544.748368,13.434091517003253,164.1,4.021739912144181,-1.846328232495891,2.428544074560599
3,A->C,1787379544.8855288,13.571252363966778,164.1,4.007346890730009,-1.833888802586786,2.4296283713892985
3,A->C,1787379544.9629273,13.64865094597917,164.2,3.992941885445549,-1.8214713750822948,2.4312177706857714
3,A->C,1787379544.978328,13.664051260973793,164.3,3.97851329826318,-1.8090793098041988,2.43322464350802
3,A->C,1787379545.114902,13.800625446019694,164.3,3.964054515193479,-1.7967148934654271,2.4355907156432854
3,A->C,1787379545.2520006,13.937724001996685,164.4,3.9495587016542806,-1.7843832239181419,2.4384949203873103
3,A->C,1787379545.3277466,14.013469712983351,164.5,3.935019898241323,-1.7720912366040817,2.441756074506919
3,A->C,1787379545.3411765,14.026899627002422,164.5,3.920436754547343,-1.7598466229159968,2.4453946446706283
3,A->C,1787379545.4154494,14.101172897964716,164.5,3.9058061936649904,-1.7476560767859546,2.4492778259217127
3,A->C,1787379545.5541503,14.23987395898439,164.7,3.891129431230476,-1.7355271879958387,2.4535494088167162
3,A->C,1787379545.6891823,14.374905931996182,164.8,3.876402571881392,-1.723467380685769,2.4583022899206974
3,A->C,1787379545.8273518,14.513075593975373,164.9,3.8633422356945135,-1.7128767729906142,2.463790504305715
3,A->C,1787379545.9668248,14.652549056976568,165.0,3.8517991219346834,-1.703630048241322,2.469554192003591
3,A->C,1787379545.9815023,14.667226115998346,165.0,3.840210227815249,-1.6944485296347973,2.4745847980223923
3,A->C,1787379545.9939187,14.679641905997414,165.1,3.8294940093793186,-1.6860441058409776,2.4795006312538264
3,A->C,1787379546.0049875,14.690710504015442,165.1,3.8186275399918936,-1.677608415823372,2.484366115903747
3,A->C,1787379546.0148244,14.700547438987996,165.1,3.807553807913837,-1.669096515478794,2.489071669929498
3,A->C,1787379546.08572,14.771443288016599,165.1,3.796437436058612,-1.6606329144096315,2.4935237263841983
3,A->C,1787379546.2228918,14.908615118009038,165.2,3.78528034462452,-1.6522162401951705,2.4978236360736443
3,A->C,1787379546.3604555,15.046178821008652,165.3,3.774930109656143,-1.6444773324302917,2.502348750015739
3,A->C,1787379546.4976962,15.183419768989552,165.4,3.7646819983836415,-1.6368891591527357,2.50674325077019
3,A->C,1787379546.6364913,15.322214746964164,165.5,3.753755475053502,-1.628874165681295,2.5117413030902376
3,A->C,1787379546.7152238,15.40094742999645,165.6,3.7427875598031366,-1.620910559181273,2.516211734590094
3,A->C,1787379546.7287152,15.41443826397881,165.6,3.7320281203447747,-1.6131678537292655,2.5204939950959364
3,A->C,1787379546.8011818,15.486906445992645,165.6,3.7220559062451852,-1.6060653161667073,2.525586216638407
3,A->C,1787379546.8142257,15.499948761018459,165.7,3.7120497803206174,-1.5990089231169775,2.529672411327972
3,A->C,1787379546.950683,15.636406734003685,165.8,3.702021418739686,-1.591993372220265,2.5331726606494755
3,A->C,1787379547.0897887,15.77551195397973,165.9,3.6917327550658348,-1.5848491678045153,2.536594777976884
3,A->C,1787379547.2269433,15.912666724994779,166.0,3.6812087217972898,-1.577608648293603,2.54339665344305
3,A->C,1787379547.3650453,16.050768590997905,166.1,3.6708555691437366,-1.5705915819336933,2.5492307651719806
3,A->C,1787379547.4411955,16.12691926799016,166.2,3.66046684508754,-1.5636273245416419,2.553415516916857
3,A->C,1787379547.4535677,16.13929081999231,166.2,3.6500508500603246,-1.5567018858051878,2.556743648830259
3,A->C,1787379547.4636385,16.149361674964894,166.2,3.639612325035418,-1.5498098719485984,2.5599852048714125
3,A->C,1787379547.5352745,16.221002009988297,166.2,3.6293138651133012,-1.5430752980607425,2.566205892639038
3,A->C,1787379547.6742253,16.359948744007852,166.3,3.618594440649308,-1.5361801901042496,2.5757527404222067
3,A->C,1787379547.811508,16.497232445981354,166.4,3.607431819253257,-1.529139514328189,2.582881149575636
3,A->C,1787379547.9495158,16.635239208990242,166.5,3.596228083067205,-1.5221657827413042,2.587255076123223
3,A->C,1787379547.9632986,16.649021635006648,166.6,3.585373970123972,-1.5154741481167602,2.592693587994176
3,A->C,1787379547.9722736,16.65799649001565,166.6,3.5745919496384118,-1.5089123706961503,2.5975199999113774
3,A->C,1787379548.0427225,16.728446069988422,166.6,3.563795593630745,-1.5024008261088515,2.600754496764971
3,A->C,1787379548.1195345,16.805257603991777,166.7,3.5529807986873783,-1.49594672883123,2.607354950631401
3,A->C,1787379548.2578049,16.94352816900937,166.8,3.541805074602949,-1.4893641672353126,2.611514146055074
3,A->C,1787379548.3967185,17.082441909995396,166.9,3.5294820095775346,-1.4822106773131085,2.6231002569840127
3,A->C,1787379548.5344942,17.220217752968892,167.0,3.5172296071851776,-1.475303753091698,2.635686410976305
3,A->C,1787379548.6100032,17.295726548007224,167.1,3.504967360447464,-1.4685649083287322,2.643108016731278
3,A->C,1787379548.6229608,17.308684004994575,167.1,3.492672973048085,-1.4618983873916829,2.646417834459173
3,A->C,1787379548.696531,17.382254378986545,167.1,3.480396346186252,-1.4552923536810438,2.6496646249776257
3,A->C,1787379548.7726967,17.458420111972373,167.2,3.468166124131881,-1.4487667441657321,2.653502188504355
3,A->C,1787379548.9104812,17.59620501997415,167.3,3.4555922141987243,-1.4421153757166616,2.6578911233281053
3,A->C,1787379548.9864564,17.6721800090163,167.3,3.441770793561706,-1.4349096278662428,2.664995181018486
3,A->C,1787379549.1260905,17.811814401997253,167.4,3.4279026958477576,-1.4277783650243354,2.6684422347746333
3,A->C,1787379549.141429,17.82715216599172,167.5,3.4140139310427395,-1.4207143178252932,2.6741684130772447
3,A->C,1787379549.2158773,17.90160066599492,167.5,3.400086270986314,-1.413705380676732,2.676789012417099
3,A->C,1787379549.3538601,18.039583313977346,167.6,3.3861632260816807,-1.4067854737956,2.687013598135446
3,A->C,1787379549.4313474,18.117070670996327,167.7,3.3721325318777597,-1.4000092067898975,2.6979824801401846
3,A->C,1787379549.506528,18.192251136002596,167.8,3.3575451884383347,-1.3931292635927295,2.703423269736044
3,A->C,1787379549.5199254,18.205648314964492,167.8,3.3407578675412495,-1.385291057697808,2.70657135515007
3,A->C,1787379549.656547,18.34227052499773,167.9,3.323469082606114,-1.3772878835345312,2.7093424430080137
3,A->C,1787379549.7329483,18.41867160901893,167.9,3.3061837814112556,-1.3693276240537338,2.7113380606906468
3,A->C,1787379549.809449,18.495172013994306,168.0,3.2888687974875497,-1.3613955159958637,2.712422058401026
3,A->C,1787379549.9436002,18.62932375498349,168.1,3.2715516375659166,-1.3535054329328577,2.7155764716135082
3,A->C,1787379550.0225174,18.708240601990838,168.2,3.2542452270662117,-1.3456760292474705,2.7196485187978103
3,A->C,1787379550.034854,18.72057683597086,168.2,3.2368536652898015,-1.3379489379357836,2.7292407880405416
3,A->C,1787379550.1723719,18.858095537987538,168.3,3.2193783601047365,-1.3303639959114344,2.735197260528374
3,A->C,1787379550.2492402,18.934963408974,168.3,3.2018573695758468,-1.3228344119441349,2.735227797664683
3,A->C,1787379550.3867073,19.072430699015968,168.4,3.184378802969613,-1.3153007668958216,2.7334137054250642
3,A->C,1787379550.4624023,19.148125696985517,168.6,3.166923377735351,-1.3077441209477705,2.7324903399038174
3,A->C,1787379550.536496,19.222219456976745,168.6,3.149453661502038,-1.3001593888683423,2.7303487830788016
3,A->C,1787379550.6117704,19.297493323974777,168.7,3.132004930106498,-1.2925568047614908,2.7301849710574264
3,A->C,1787379550.7472823,19.43300580000505,168.7,3.114599271720781,-1.2849597842030436,2.730902092861239
3,A->C,1787379550.8846679,19.57039139396511,168.8,3.0971290088815007,-1.2774053345147418,2.737222415766296
3,A->C,1787379550.9617496,19.64747281896416,168.9,3.0796004640579557,-1.2699381941893377,2.740023625079809
3,A->C,1787379550.975504,19.661227286967915,169.0,3.062049886411306,-1.2624716426840334,2.7369300827426213
3,A->C,1787379551.1150012,19.80072497401852,169.0,3.044560891736128,-1.2549453799946448,2.732172927894663
3,A->C,1787379551.1922858,19.878009047009982,169.1,3.0271182653840416,-1.2473456107677334,2.7284942222882034
3,A->C,1787379551.3292727,20.01499670301564,169.2,3.009684665116679,-1.239672406557977,2.723824787446211
3,A->C,1787379551.4667506,20.152473980968352,169.3,2.9922960248770316,-1.2319417631312204,2.7212368248586096
3,A->C,1787379551.4806058,20.166329262021463,169.3,2.9749659337447434,-1.2241732832116592,2.7196467864180387
3,A->C,1787379551.492238,20.17796100099804,169.4,2.95758590252339,-1.2164071193615988,2.723758815847019
3,A->C,1787379551.5662234,20.251946453994606,169.4,2.940148810093529,-1.2086797195644128,2.7237885925097176
3,A->C,1787379551.6398342,20.325558233016636,169.4,2.922735782327095,-1.200916085772508,2.7185557557816353
3,A->C,1787379551.7781773,20.463900643982925,169.5,2.9053773102785843,-1.1930677375592802,2.7134573808490403
3,A->C,1787379551.9147515,20.600474684964865,169.6,2.8880874109296015,-1.1851331904514653,2.708449214496191
3,A->C,1787379552.0513196,20.737043051980436,169.7,2.8708129048871567,-1.177106359456037,2.7029453594793322
3,A->C,1787379552.0692785,20.75500165601261,169.8,2.8535869709607997,-1.169010675631705,2.700021432787545
3,A->C,1787379552.0828843,20.768607796984725,169.8,2.8363858662079307,-1.1608339326527874,2.6939506522280485
3,A->C,1787379552.1560585,20.841781953989994,169.8,2.8192542690735567,-1.1526194794893188,2.696133846946898
3,A->C,1787379552.1710806,20.85680390597554,169.9,2.802051747499515,-1.1444393524213508,2.699056652584271
3,A->C,1787379552.3073847,20.993108057009522,170.0,2.7848234477593,-1.1362644924223646,2.6962229747146043
3,A->C,1787379552.4442809,21.130004281993024,170.1,2.7676409811767693,-1.128012352462743,2.6891051203267784
3,A->C,1787379552.5191414,21.204864490020555,170.2,2.750539563581197,-1.1196465620962708,2.6820803366048964
3,A->C,1787379552.6543229,21.340046412020456,170.2,2.7334879673308916,-1.1111658694219206,2.6760177646054064
3,A->C,1787379552.7917867,21.477510139986407,170.3,2.716515850441928,-1.1025885239916735,2.6704453393203127
3,A->C,1787379552.9295168,21.615240301005542,170.4,2.699544623271911,-1.0938984879783689,2.664079370285039
3,A->C,1787379553.0673184,21.753042033000384,170.6,2.682687554017991,-1.0851280862807946,2.6592359977663613
3,A->C,1787379553.2090805,21.894804698007647,170.7,2.66580955912618,-1.0762552200603954,2.6540117798798053
3,A->C,1787379553.285162,21.970885001996066,170.8,2.6490491635652553,-1.0673307730638484,2.651223998861195
3,A->C,1787379553.298155,21.983878098020796,170.8,2.6322404725165365,-1.0583914779481218,2.655140609673574
3,A->C,1787379553.310087,21.995809973974247,170.8,2.6153883982393475,-1.0494928125902367,2.655373738921178
3,A->C,1787379553.3202474,22.00597016798565,170.8,2.59854099076514,-1.0405554647468338,2.650224948304937
3,A->C,1787379553.329866,22.015588865964673,170.8,2.581775951082847,-1.031528783610951,2.6433790724318915
3,A->C,1787379553.3378391,22.023561983020045,170.9,2.5650823498465902,-1.0223956114909196,2.637300877630767
3,A->C,1787379553.408313,22.094036748982035,170.9,2.548429160108495,-1.0131537329246507,2.6308234554382555
3,A->C,1787379553.5457137,22.23143711098237,171.0,2.5318381097296516,-1.0038236141195769,2.6262949039039567
3,A->C,1787379553.6832998,22.36902324401308,171.1,2.515290585431823,-0.9944012786766534,2.6199770270783915
3,A->C,1787379553.820453,22.506176946975756,171.2,2.498801753682401,-0.984904314846395,2.616783316388048
3,A->C,1787379553.8957334,22.581456550979055,171.3,2.4823234745948097,-0.9753196220818063,2.610928360913149
3,A->C,1787379554.0322447,22.717968356970232,171.3,2.465956276289883,-0.9656771501989599,2.608039713022461
3,A->C,1787379554.047327,22.73304990498582,171.4,2.4495518014758217,-0.9560177166972631,2.61158002772772
3,A->C,1787379554.0593417,22.745064667018596,171.4,2.4331050378365515,-0.9463966586604455,2.6122387604309543
3,A->C,1787379554.1985645,22.88428847299656,171.5,2.4166595148988286,-0.9367508503504288,2.608379796657994
3,A->C,1787379554.2762735,22.961996858997736,171.5,2.400269268846087,-0.9270276699015152,2.6020374119155716
3,A->C,1787379554.4137373,23.09946105000563,171.6,2.3839637158922162,-0.9172085912642536,2.5957939395375953
3,A->C,1787379554.5513122,23.237035341968294,171.8,2.3677098049404632,-0.9072861496456006,2.5897624687050613
3,A->C,1787379554.6894417,23.375165302015375,171.9,2.3515131061956183,-0.8972820406686289,2.5855718485460626
3,A->C,1787379554.703623,23.389346139971167,171.9,2.3353495145425187,-0.8871929998714492,2.580045066632126
3,A->C,1787379554.7157223,23.401445147988852,171.9,2.319266352590956,-0.8770360980027574,2.5763430608640285
3,A->C,1787379554.7889879,23.47471148299519,171.9,2.3031848221110365,-0.86680988533951,2.5728841826581856
3,A->C,1787379554.9278202,23.61354367696913,172.1,2.2871439431845477,-0.8565183133700065,2.568168346702823
3,A->C,1787379554.941711,23.62743389501702,172.1,2.2711655717265957,-0.8461571870020156,2.563490887364034
3,A->C,1787379555.0154517,23.70117539499188,172.1,2.255228492684901,-0.8357557998845342,2.5626621782810064
3,A->C,1787379555.1508024,23.83652594697196,172.2,2.239288562500658,-0.8253165574722382,2.559839756601175
3,A->C,1787379555.2898703,23.975594282965176,172.3,2.223389776505459,-0.8148288065874982,2.5559739209030066
3,A->C,1787379555.4283931,24.114116847980767,172.5,2.2075377451084557,-0.8042791599663488,2.551759442022352
3,A->C,1787379555.5090594,24.194782626000233,172.6,2.1917314081274077,-0.793662780460054,2.5475684449031766
3,A->C,1787379555.5257578,24.21148084901506,172.6,2.1759675716132687,-0.7829815169465484,2.5436447575201546
3,A->C,1787379555.5398755,24.225598773977254,172.6,2.1602424003130625,-0.7722392285997393,2.5400400240444974
3,A->C,1787379555.6153705,24.301093866990414,172.6,2.1445530238236925,-0.7614411015628075,2.536774970134898
3,A->C,1787379555.7541378,24.439861635968555,172.7,2.1288955019229587,-0.7505920425131526,2.53386944336562
3,A->C,1787379555.8909733,24.576697350014,172.8,2.113266143446312,-0.7396976724724132,2.5312396162247066
3,A->C,1787379555.9668174,24.652540289971512,172.9,2.097663735187741,-0.7287639114836352,2.52889970744919
3,A->C,1787379555.979364,24.6650867969729,172.9,2.082087861613972,-0.7177972339465437,2.5268159233598784
3,A->C,1787379556.115115,24.800838385010138,173.0,2.0665386901553386,-0.7068028251817022,2.524970631371815
3,A->C,1787379556.2548056,24.940528839011677,173.1,2.0510138867434753,-0.6957846214779232,2.5233531822552275
3,A->C,1787379556.2705734,24.95629691396607,173.2,2.0355090457171117,-0.6847443271459244,2.521953979892467
3,A->C,1787379556.4075518,25.09327509801369,173.2,2.0200187157164047,-0.6736836094903875,2.5207608036319478
3,A->C,1787379556.4859986,25.17172203498194,173.3,2.004538413019712,-0.6626042871332607,2.519766377308947
3,A->C,1787379556.4987943,25.18451728700893,173.3,1.9890654670963752,-0.6515086041613858,2.518946530382983
3,A->C,1787379556.6323857,25.318109170999378,173.4,1.9735981108401905,-0.640398999609414,2.518265656248978
3,A->C,1787379556.7723176,25.4580417299876,173.5,1.9581351418402309,-0.6292773397446775,2.517697300042432
3,A->C,1787379556.9097874,25.5955114410026,173.6,1.9426759939927347,-0.6181458410487728,2.5172133887470736
3,A->C,1787379556.9217722,25.607495239004493,173.7,1.9272216508755586,-0.6070072908324787,2.5167937683090438
3,A->C,1787379556.931222,25.616944828012493,173.7,1.9117740048566754,-0.5958648027036333,2.5164469463743555
3,A->C,1787379556.9395518,25.625274746969808,173.7,1.8963346323874655,-0.5847206181151641,2.516145597339658
3,A->C,1787379557.074864,25.760587776021566,173.7,1.8809032056450137,-0.5735752952041995,2.5158895097463034
3,A->C,1787379557.2129679,25.898691295995377,173.8,1.865477054369891,-0.5624280416233831,2.5156905893744885
3,A->C,1787379557.290336,25.976059034001082,173.9,1.8500525129962724,-0.5512776714427449,2.5155630515416676
3,A->C,1787379557.4271684,26.112891607976053,174.0,1.8346265279868486,-0.5401242378331296,2.5155162136452685
3,A->C,1787379557.564672,26.25039589998778,174.1,1.819197495983523,-0.5289682949664476,2.515532992657713
3,A->C,1787379557.643083,26.32880642398959,174.2,1.8037649590634863,-0.5178108182619029,2.515600277612549
3,A->C,1787379557.7819216,26.467645349970553,174.3,1.788328891965672,-0.5066521807588891,2.515693706930383
3,A->C,1787379557.7971113,26.482834592985455,174.4,1.7728898388406589,-0.4954936075038086,2.515798032728529
3,A->C,1787379557.8719926,26.557716023002286,174.4,1.7574494434828551,-0.48433682675650364,2.515908117388998
3,A->C,1787379558.0092394,26.694962844019756,174.5,1.7420103593217315,-0.4731842299094952,2.5160255999126306
3,A->C,1787379558.1477492,26.83347341796616,174.6,1.7265745609927317,-0.46203687759383183,2.5161472737619874
3,A->C,1787379558.287523,26.973246548965108,174.7,1.7111420832542812,-0.45089440900610767,2.516275429141296
3,A->C,1787379558.4242089,27.109933035972062,174.8,1.6957104083273442,-0.43975519621534814,2.516424788017517
3,A->C,1787379558.560993,27.246716459980235,174.9,1.6802761851926808,-0.4286180766409798,2.51660741672148
3,A->C,1787379558.695167,27.38089020201005,175.0,1.664836929371194,-0.4174823461801232,2.51683414013585
3,A->C,1787379558.7103076,27.39603059797082,175.1,1.649391856682872,-0.4063482210791612,2.517091581995532
3,A->C,1787379558.7218444,27.407567629998084,175.1,1.6339408732943939,-0.39521580579593535,2.517366490964956
3,A->C,1787379558.7331512,27.41887425299501,175.1,1.6184842006185525,-0.38408553026956493,2.517641073351255
3,A->C,1787379558.7433677,27.429090490972158,175.1,1.6030226538780916,-0.37295804135949867,2.5179061026830274
3,A->C,1787379558.7523274,27.43805022200104,175.1,1.5875582700788216,-0.3618350498852196,2.5181542509234642
3,A->C,1787379558.8228629,27.508586237963755,175.1,1.5720941088070381,-0.35071810570564127,2.51838247765079
3,A->C,1787379558.8362212,27.521944295964204,175.2,1.5566322790988603,-0.339608016703445,2.518593596667863
3,A->C,1787379558.9734747,27.65919794299407,175.3,1.541172513165306,-0.32850394521778564,2.5187947035972504
3,A->C,1787379559.0485818,27.734305199002847,175.3,1.5257122695507017,-0.3174041309093073,2.51900057787808
3,A->C,1787379559.1866024,27.872326409968082,175.4,1.5102486289439951,-0.30630686864973616,2.5192242050861564
3,A->C,1787379559.325584,28.01133565499913,175.5,1.4947796914379283,-0.2952112238085795,2.5194702327499336
3,A->C,1787379559.4009202,28.08664381300332,175.6,1.479304714750206,-0.2841171960097928,2.519706920572457
3,A->C,1787379559.5379467,28.223670044972096,175.7,1.4638240387965253,-0.27302171336877235,2.5195775443489983
3,A->C,1787379559.6747646,28.360487670986913,175.8,1.448343979483849,-0.2619204806483962,2.5191454505611457
3,A->C,1787379559.8113556,28.497078964021057,175.9,1.4328680385786565,-0.250810370575711,2.5185649473464102
3,A->C,1787379559.9492097,28.634932940010913,176.0,1.4173995430457091,-0.23969147992153883,2.517916549400329
3,A->C,1787379560.0865335,28.772256930009462,176.1,1.4019416916168106,-0.22856502219121894,2.517242343059646
3,A->C,1787379560.2240095,28.909733014006633,176.2,1.3864962544566928,-0.21743156142159337,2.516564203172289
3,A->C,1787379560.3026407,28.98836371197831,176.4,1.371062542633472,-0.2062906356758232,2.5158996943579948
3,A->C,1787379560.315059,29.000781997980084,176.4,1.3556376862308535,-0.19514048076837662,2.5152637548856362
3,A->C,1787379560.3261364,29.01185928902123,176.4,1.3402186747418927,-0.18397974473350914,2.5146573962243894
3,A->C,1787379560.336235,29.021957980003208,176.4,1.324803520847765,-0.17280781577248602,2.5140849314587075
3,A->C,1787379560.3456542,29.031377177976537,176.4,1.3093913862090099,-0.16162503981311463,2.513530221556603
3,A->C,1787379560.3541691,29.039891855965834,176.4,1.2939823053136341,-0.15043162394230947,2.5129684427100205
3,A->C,1787379560.3622286,29.047951547021512,176.4,1.278577092205144,-0.13922706204321153,2.512360817714397
3,A->C,1787379560.3690727,29.054795417992864,176.4,1.2631775966580885,-0.12801189046883174,2.511716825188585
3,A->C,1787379560.5054705,29.191194279002957,176.5,1.247786302623714,-0.11678715033628304,2.5110277025177745
3,A->C,1787379560.6421857,29.327909483981784,176.6,1.232406475831645,-0.1055540737493481,2.5102531585577403
3,A->C,1787379560.7785003,29.464223693998065,176.7,1.217040316550952,-0.09431250658728572,2.5094286768148013
3,A->C,1787379560.9169073,29.60263065097388,176.8,1.2016875042188082,-0.0830606348182939,2.5085479846730045
3,A->C,1787379561.0534835,29.739207261009142,176.9,1.186346482894808,-0.07179547197507723,2.5076237649199067
3,A->C,1787379561.0670872,29.752810182981193,177.0,1.1710146707282418,-0.06051471610438907,2.506679611745178
3,A->C,1787379561.2027178,29.888440863986034,177.0,1.1556905372128063,-0.04921741585986149,2.505705301918254
3,A->C,1787379561.2780013,29.963725255976897,177.1,1.140373951726533,-0.037902643086425575,2.5046860331290777
3,A->C,1787379561.3553255,30.041048850980587,177.2,1.1250659678167902,-0.026569382617468947,2.5035938779452636
3,A->C,1787379561.4912252,30.17694868397666,177.2,1.1097683616731941,-0.015216809479719418,2.502445343863727
3,A->C,1787379561.6256359,30.31135923898546,177.4,1.094483130650325,-0.0038454755022468753,2.5012333722145295
3,A->C,1787379561.7629356,30.44865875301184,177.5,1.0792130515727623,0.007543563599797714,2.4999617627147077
3,A->C,1787379561.9006417,30.58636525599286,177.6,1.0639613899945919,0.018949559843903944,2.4986007272752992
3,A->C,1787379562.0386312,30.72435445798328,177.7,1.0487304130941348,0.030372878488234542,2.497191244473623
3,A->C,1787379562.1767263,30.86244998901384,177.8,1.0335197472916318,0.0418154138995806,2.4957422242701552
3,A->C,1787379562.2537549,30.939478081010748,177.9,1.0183272786610857,0.05327956079551968,2.49425877612496
3,A->C,1787379562.2670116,30.952734543010592,177.9,1.0031504240409628,0.06476703647855822,2.492790759331687
3,A->C,1787379562.2792022,30.964925267966464,177.9,0.9879870324238705,0.07627925906330764,2.491316409120221
3,A->C,1787379562.2899818,30.975704823969863,177.9,0.9728369227445487,0.08781666941932163,2.4898343769790037
3,A->C,1787379562.300042,30.98576473299181,177.9,0.9577006723539189,0.09937915723216947,2.4883523010897055
3,A->C,1787379562.3076744,30.99339705501916,178.0,0.9425794448793853,0.11096602183956084,2.486857270060463
3,A->C,1787379562.3150716,31.00079428497702,178.0,0.9274750645804875,0.12257615774760777,2.485348828486107
3,A->C,1787379562.4503243,31.136047822015826,178.0,0.9123899986623079,0.1342074396509429,2.4838372032224263
3,A->C,1787379562.5264084,31.21213176799938,178.1,0.8973262933778692,0.14585827244205446,2.482330918959032
3,A->C,1787379562.663819,31.349542654003017,178.2,0.8822849214757397,0.15752799817341862,2.4808259547109763
3,A->C,1787379562.8006656,31.486388843972236,178.3,0.867265238771456,0.16921743143520812,2.4793432009535206
3,A->C,1787379562.9378722,31.623595492972527,178.4,0.8522642968039866,0.18092829166568752,2.477906562573363
3,A->C,1787379563.0765758,31.762299680965953,178.5,0.8372782396992702,0.1926612774585146,2.4765366817436054
3,A->C,1787379563.1533144,31.839037391007878,178.6,0.8223041889548995,0.20441687584009915,2.4752428145570176
3,A->C,1787379563.166584,31.85230732097989,178.6,0.8073409424005343,0.21619457891272437,2.4740224113711466
3,A->C,1787379563.1779344,31.863657312002033,178.6,0.7923885194994849,0.22799323189792958,2.4728672371527933
3,A->C,1787379563.3158758,32.00159975502174,178.7,0.7774475832812452,0.23981041024148866,2.471779698119143
3,A->C,1787379563.4558866,32.141610392020084,178.8,0.7625189949105088,0.25164336407315246,2.4707660401060902
3,A->C,1787379563.5952322,32.28095560200745,178.9,0.7476040483315897,0.26348878835123923,2.46984220171419
3,A->C,1787379563.7325575,32.418280647019856,179.0,0.7327037287254566,0.27534410378340357,2.469003191762752
3,A->C,1787379563.7430327,32.42875558801461,179.1,0.7178180423144831,0.28720766323041025,2.468264668107416
3,A->C,1787379563.814638,32.500362445018254,179.1,0.7029445744221,0.29907838051137947,2.467675752779171
3,A->C,1787379563.9518425,32.63756622298388,179.2,0.6880785482739391,0.3109561914100592,2.467220124183968
3,A->C,1787379564.0902686,32.77599217701936,179.3,0.6732153306748391,0.3228409724710763,2.4669277413739854
3,A->C,1787379564.2282546,32.91397798998514,179.4,0.6583510294256287,0.3347319197476546,2.4668388222881865
3,A->C,1787379564.3653636,33.05108750500949,179.5,0.6434826341917599,0.3466265017100839,2.4669416378660887
3,A->C,1787379564.381039,33.06676204199903,179.6,0.6286088313891065,0.3585210677407108,2.4672368224941086
3,A->C,1787379564.3920572,33.07777987100417,179.6,0.6137292087329572,0.37041111865101434,2.467762700977618
3,A->C,1787379564.4017332,33.08745618502144,179.6,0.5988422497167071,0.38229133409715077,2.4685588601501465
3,A->C,1787379564.4119933,33.0977165629738,179.6,0.583947135212664,0.39415659740008513,2.469526953374913
3,A->C,1787379564.419837,33.10555983596714,179.6,0.5690441851920061,0.40600189239572565,2.4708032161672095
3,A->C,1787379564.427789,33.11351198196644,179.6,0.5541293597697785,0.4178224814743918,2.472387954442732
3,A->C,1787379564.562955,33.248678638017736,179.7,0.5391982636416673,0.429615130906478,2.4742326757394877
3,A->C,1787379564.7012856,33.38700940000126,179.8,0.5246692869437138,0.44104458593079526,2.4767788432431757
3,A->C,1787379564.8406103,33.526333856978454,179.9,0.5127194639540418,0.45035794056688483,2.4847314711124904
3,A->C,1787379564.9774933,33.663217013003305,180.0,0.5013846949386875,0.45903946377325777,2.4923734084444518
3,A->C,1787379565.053245,33.738968484976795,180.1,0.4899901832554593,0.4676515709198459,2.497006363893727
3,A->C,1787379565.1908388,33.87656225898536,180.2,0.47856173029314664,0.4762192782246417,2.500065416151334
3,A->C,1787379565.3285463,34.01426967297448,180.3,0.4671087710036102,0.4847566557313062,2.5023721444456637
3,A->C,1787379565.4683135,34.15403695398709,180.4,0.45563618204715345,0.4932701550499194,2.504361854784573
3,A->C,1787379565.6054199,34.291143253969494,180.5,0.44414635347435777,0.5017617973195216,2.50628113833161
3,A->C,1787379565.6191308,34.3048540650052,180.6,0.43264083548740556,0.5102307323813071,2.5082546507202146
3,A->C,1787379565.631114,34.316836951998994,180.6,0.4211199833698009,0.5186736024225764,2.510521751386555
3,A->C,1787379565.6420708,34.327793758013286,180.6,0.40958248541876346,0.5270870152457918,2.5129870624030404
3,A->C,1787379565.6520226,34.33774542796891,180.6,0.39802780267128085,0.5354679198238034,2.515712785863585
3,A->C,1787379565.7242255,34.40994912397582,180.6,0.3864525740963037,0.5438138586609408,2.518697185193973
3,A->C,1787379565.8623433,34.548067143012304,180.7,0.374853940577863,0.5521228845988225,2.5218986780383488
3,A->C,1787379566.0002122,34.685935829009395,180.8,0.36322783190873786,0.5603931106005938,2.5254301317303214
3,A->C,1787379566.1382723,34.82399574801093,180.9,0.3515703099414755,0.5686220300796111,2.529236115385831
3,A->C,1787379566.2160094,34.90173274301924,181.0,0.3398783962752705,0.5768069018157189,2.533272081899535
3,A->C,1787379566.2286654,34.914388548000716,181.0,0.32815079206666664,0.5849451804694109,2.5374601435958213
3,A->C,1787379566.3646822,35.050405907968525,181.1,0.3163870008949638,0.5930342997459911,2.541869868756151
3,A->C,1787379566.5058782,35.19160154199926,181.2,0.3045852227571275,0.6010721237811029,2.54642938852836
3,A->C,1787379566.6437237,35.329447209020145,181.3,0.29274514648581246,0.6090566407952801,2.5511222243779366
3,A->C,1787379566.658546,35.34426894801436,181.4,0.2808658675110336,0.6169855561367522,2.5559876816910756
3,A->C,1787379566.6717837,35.35750658501638,181.4,0.26894896706863536,0.6248554623075155,2.560866512040782
3,A->C,1787379566.6830013,35.36872433498502,181.4,0.2570022324541641,0.6326632507328319,2.5656924374601573
3,A->C,1787379566.8195486,35.50527246796992,181.5,0.24502241745006573,0.6404025690459567,2.571963092843642
3,A->C,1787379566.9575477,35.64327119902009,181.6,0.23297916038848324,0.6480711698537319,2.5783787720542874
3,A->C,1787379567.0349267,35.72064976999536,181.7,0.22089816924399974,0.6556587407979614,2.5844533865763406
3,A->C,1787379567.0473475,35.73307041800581,181.7,0.20877184944877397,0.6631598075758566,2.5924533793373685
3,A->C,1787379567.1204712,35.80619565700181,181.7,0.1965752806425198,0.6705776148656806,2.59914087158853
3,A->C,1787379567.2587867,35.944510750006884,181.8,0.1843524482584513,0.677897955484067,2.6073240783568687
3,A->C,1787379567.3979657,36.08368908998091,182.0,0.17203859169826669,0.6851283127720464,2.6154238327912482
3,A->C,1787379567.4768236,36.16254683100851,182.1,0.15968158109334807,0.6922593964169047,2.622419995943842
3,A->C,1787379567.4901803,36.17590370896505,182.1,0.1472747139576634,0.6992825313154049,2.6326215196082186
3,A->C,1787379567.5018733,36.18759638897609,182.1,0.134779237204056,0.7062031973712184,2.6402419861341384
3,A->C,1787379567.5746815,36.26040496799396,182.1,0.12227351250362148,0.7130047474681723,2.6500420425112146
3,A->C,1787379567.7125876,36.398311939963605,182.2,0.10965082881360198,0.7196992092125645,2.6595303260262875
3,A->C,1787379567.789418,36.475141213973984,182.3,0.09702320572445187,0.7262465144279456,2.671229359152815
3,A->C,1787379567.8644748,36.55019865097711,182.3,0.08426946207311871,0.732621356886737,2.689196163290833
3,A->C,1787379568.0023365,36.68805989500834,182.4,0.07139220932925443,0.7387879210844618,2.7032329021258783
3,A->C,1787379568.1406343,36.82635799900163,182.6,0.0584302823558924,0.7448061978460526,2.7118788523473114
3,A->C,1787379568.2777288,36.963452261989005,182.7,0.045445825605166315,0.7507142320726413,2.7188061866569577
3,A->C,1787379568.3545516,37.040274844970554,182.8,0.0324305880736159,0.756526367695971,2.7264793387993738
3,A->C,1787379568.3674777,37.053200926980935,182.8,0.019354171187928912,0.7622457259702655,2.7334580432831257
3,A->C,1787379568.5034935,37.18921801698161,182.8,0.00624566490501944,0.7678583319425917,2.742389559309982
3,A->C,1787379568.6405222,37.32624731899705,183.0,-0.006880516811385498,0.7733455484851739,2.7519451047853662
3,A->C,1787379568.6547968,37.3405198159744,183.0,-0.020117303172272814,0.778726958709804,2.7603612660756163
3,A->C,1787379568.6651611,37.350884135987144,183.0,-0.03332239768644157,0.7839697359917189,2.7709283953943493
3,A->C,1787379568.737178,37.422901642974466,183.0,-0.046643951438220956,0.7890496802166758,2.7881691874019814
3,A->C,1787379568.8752687,37.560992423968855,183.1,-0.06006629842658173,0.793916236911289,2.8018367919561706
3,A->C,1787379569.0127294,37.6984535799711,183.2,-0.07355910728824921,0.7986332366947656,2.8100229533863477
3,A->C,1787379569.1504624,37.83618591201957,183.3,-0.08705596299094696,0.8032423058350077,2.8166689010313326
3,A->C,1787379569.1652906,37.85101352399215,183.4,-0.10057181472193522,0.8077546129130968,2.8242971331687055
3,A->C,1787379569.1781354,37.86385828698985,183.4,-0.11413842704042358,0.8121690474936636,2.8311478735797526
3,A->C,1787379569.2517412,37.93746451300103,183.4,-0.12772864260041725,0.8164757476616799,2.8400683322489915
3,A->C,1787379569.3896854,38.07540887099458,183.5,-0.14133425387097232,0.8206605181906134,2.849580891863478
3,A->C,1787379569.5276034,38.21332674298901,183.7,-0.1550394701257958,0.8247287678276517,2.858574392502626
3,A->C,1787379569.605741,38.291464194015134,183.8,-0.16875035726952362,0.8286350994465851,2.874292169506904
3,A->C,1787379569.6185846,38.304307557991706,183.8,-0.18254017359427738,0.8323227955569811,2.8893356182980834
3,A->C,1787379569.6295316,38.31525473098736,183.8,-0.19639896212644076,0.8358388055476694,2.8983503872290823
3,A->C,1787379569.7022822,38.38800577900838,183.8,-0.21030478945015044,0.8392509444371765,2.905717451217483
3,A->C,1787379569.8407547,38.52647824899759,183.9,-0.22420542135449154,0.8425557883660078,2.9117636147260106
3,A->C,1787379569.979098,38.664821440994274,184.0,-0.23813912933923082,0.8457821991527685,2.9187850624848517
3,A->C,1787379570.117221,38.80294430296635,184.1,-0.2521135485470589,0.848908681238555,2.9258666401515976
3,A->C,1787379570.1927493,38.87847265100572,184.2,-0.26615518590384135,0.8519211476444836,2.938670778329989
3,A->C,1787379570.329249,39.014973354001995,184.3,-0.2797645097509897,0.8546505947866125,2.952269633904142
3,A->C,1787379570.4038892,39.08961297397036,184.4,-0.29141822514124666,0.8568358106999456,2.9620098284231235
3,A->C,1787379570.4141934,39.09991632500896,184.4,-0.3029298199050948,0.858898286677636,2.967459549980311
3,A->C,1787379570.4241993,39.10992217599414,184.4,-0.3144474369206011,0.8609078174424806,2.9707894622153583
3,A->C,1787379570.5601485,39.245872332016006,184.5,-0.32600145384335233,0.8628863353270612,2.974483973291181
3,A->C,1787379570.699986,39.385709769965615,184.6,-0.33756714557423495,0.8648202633861053,2.978248331835168
3,A->C,1787379570.7765558,39.46227881999221,184.7,-0.3491407772926102,0.8667032655144112,2.9837526628250464
3,A->C,1787379570.7889845,39.47470774000976,184.7,-0.3607447551286697,0.868531006983485,2.987834067384997
3,A->C,1787379570.8616803,39.54740470496472,184.7,-0.37235648950917866,0.8702998828152307,2.9945234469242603
3,A->C,1787379570.9984732,39.68419703497784,184.8,-0.38393125256554145,0.8719939286056823,2.9988022941016155
3,A->C,1787379571.1340857,39.819809135980904,184.9,-0.3955796488646672,0.8736524434113352,3.0025039999440115
3,A->C,1787379571.2740364,39.959759776014835,185.0,-0.40723556100742553,0.8752478939356109,3.010193959002532
3,A->C,1787379571.41142,40.09714362799423,185.1,-0.4188366787064972,0.8767591442758818,3.0151016433336015
3,A->C,1787379571.5488608,40.23458380898228,185.3,-0.43043967869393585,0.8782177894819093,3.0186672305085347
3,A->C,1787379571.5626132,40.24833634198876,185.3,-0.44211392897061297,0.8796445312484691,3.0223985740932173
3,A->C,1787379571.5770242,40.26274748600554,185.3,-0.4540132282529223,0.8810205366379364,3.035197756114929
3,A->C,1787379571.588158,40.27388146799058,185.3,-0.46795091271364136,0.8824278990533865,3.0497836272526255
3,A->C,1787379571.6601138,40.345837929984555,185.3,-0.48351228847427863,0.8837898105986092,3.061256240576219
3,A->C,1787379571.7977,40.48342310800217,185.5,-0.4990449149117182,0.8849916629120752,3.0690971000064313
3,A->C,1787379571.811483,40.49720579700079,185.5,-0.5145859015521439,0.8860820463777946,3.0753856963812907
3,A->C,1787379571.8847885,40.57051233801758,185.5,-0.5301345904720987,0.8870788199957544,3.0809483849298873
3,A->C,1787379572.0234385,40.70916190097341,185.7,-0.5456875095083666,0.8879922537860271,3.0862082059725933
3,A->C,1787379572.0370257,40.72274943697266,185.7,-0.5612431940446515,0.8888247643567204,3.0913273148890115
3,A->C,1787379572.1111286,40.79685206798604,185.7,-0.576802098259055,0.8895781498814805,3.096396172106264
3,A->C,1787379572.2486246,40.934348738985136,185.8,-0.59236667611973,0.890252022223992,3.1014726542458124
3,A->C,1787379572.3889933,41.07471651799278,186.0,-0.607937855383154,0.890848803186858,3.1065130571584385
3,A->C,1787379572.5267427,41.21246653900016,186.1,-0.623513332909806,0.8913663872806931,3.1115434701394307
3,A->C,1787379572.665843,41.35156638897024,186.2,-0.6390888125678126,0.8918048048154446,3.1165738993345906
3,A->C,1787379572.8035913,41.4893151979777,186.3,-0.6546617390432491,0.8921631811675309,3.1216261854089105
3,A->C,1787379572.8792205,41.564943759003654,186.4,-0.6702314152055971,0.8924450510110958,3.126640826738709
3,A->C,1787379572.8919346,41.57765783998184,186.4,-0.6857987635545627,0.89265028383275,3.131666223306064
3,A->C,1787379572.9034774,41.58920119301183,186.4,-0.7013702178254727,0.8927755938482872,3.136729536553952
3,A->C,1787379572.913502,41.59922535897931,186.4,-0.7169469371012194,0.8928222538951981,-3.141424633082343
3,A->C,1787379572.9229755,41.60869855899364,186.4,-0.7325260577160683,0.8927908286432463,-3.1363864745516836
3,A->C,1787379572.931286,41.61700872000074,186.5,-0.7481064585680373,0.8926817516944794,-3.1314010904981147
3,A->C,1787379573.067053,41.752776642970275,186.5,-0.7636860659541633,0.8924929478584577,-3.126429498011339
3,A->C,1787379573.2045226,41.89024647400947,186.6,-0.7792651927179542,0.8922283934445621,-3.121495514275008
3,A->C,1787379573.281725,41.967448526003864,186.7,-0.7948444765334264,0.8918874578003495,-3.116586667159986
3,A->C,1787379573.4181738,42.103897124994546,186.8,-0.810423679631552,0.8914694791813792,-3.111714654157469
3,A->C,1787379573.5549407,42.24066415900597,186.9,-0.8260018744620267,0.8909763408333307,-3.1069672921188003
3,A->C,1787379573.633056,42.3187789299991,187.0,-0.8415757992152986,0.8904096759060831,-3.102250929950175
3,A->C,1787379573.6455722,42.33129502896918,187.0,-0.8571449588131644,0.889769320932914,-3.097643185497828
3,A->C,1787379573.7180784,42.40380237897625,187.0,-0.8727073612884333,0.8890569972664967,-3.0930740884230152
3,A->C,1787379573.8554766,42.54120002698619,187.1,-0.8882654454410965,0.8882778562673782,-3.08858075577911
3,A->C,1787379573.9933245,42.679047958983574,187.2,-0.9038192352442074,0.887427772937931,-3.0841876629220106
3,A->C,1787379574.0692046,42.75492905196734,187.3,-0.9193699706155336,0.8865082708790933,-3.079865147711279
3,A->C,1787379574.1449332,42.830656608974095,187.4,-0.9349180757732981,0.8855248522218009,-3.075698281470327
3,A->C,1787379574.1574638,42.84318692301167,187.4,-0.950463774554645,0.8844753887305552,-3.071684223228572
3,A->C,1787379574.2301977,42.91592118801782,187.4,-0.9660061367264736,0.8833629493002766,-3.0678298526891417
3,A->C,1787379574.367396,43.05311967601301,187.5,-0.9815458508557559,0.8821930234290905,-3.06406227057945
3,A->C,1787379574.5048027,43.190526087011676,187.6,-0.997082749263675,0.880963959079273,-3.0604284389984295
3,A->C,1787379574.5756536,43.26137656997889,187.7,-1.0126157456430085,0.87968293250811,-3.056945250234965
3,A->C,1787379574.6461403,43.331863728002645,187.7,-1.0281432882422714,0.8783459899260136,-3.0535306529239854
3,A->C,1787379574.7852054,43.47092866501771,187.9,-1.0436658747202017,0.8769567936504203,-3.050289581558363
3,A->C,1787379574.9235303,43.60925398400286,188.0,-1.0591824380882195,0.8755178835088808,-3.0471899221384118
3,A->C,1787379575.0619233,43.7476470519905,188.1,-1.0746940521278558,0.8740304196796195,-3.044213226569418
3,A->C,1787379575.198785,43.884509388008155,188.2,-1.0901999036026362,0.8724993533805456,-3.041433996754089
3,A->C,1787379575.337287,44.023010589997284,188.3,-1.1057007957379577,0.8709296272742049,-3.0387357483316935
3,A->C,1787379575.4762056,44.16192928701639,188.4,-1.1212562610570305,0.8693089742505086,-3.035868757726
3,A->C,1787379575.6139197,44.29964341199957,188.5,-1.1368375239837583,0.867620796827296,-3.0300369229211355
3,A->C,1787379575.6283934,44.314116493973415,188.6,-1.1523377676015265,0.865867277363268,-3.0279185476565695
3,A->C,1787379575.639876,44.32559948298149,188.6,-1.1678184552540711,0.8640954331146916,-3.0268306260442235
3,A->C,1787379575.6499248,44.33564797200961,188.6,-1.183300211544203,0.8623014800972404,-3.0253476632600473
3,A->C,1787379575.66015,44.345872803998645,188.6,-1.198810330433936,0.8604908393859789,-3.025836880714116
3,A->C,1787379575.6685228,44.354245776019525,188.6,-1.2142930406085024,0.8586962221776503,-3.0264894077228273
3,A->C,1787379575.6760736,44.361796621989924,188.6,-1.22977506970182,0.8569064033234025,-3.0260374260318823
3,A->C,1787379575.6829858,44.368708794005215,188.6,-1.2452550844178618,0.8551032655520036,-3.025192047040468
3,A->C,1787379575.7522678,44.43799169099657,188.6,-1.2607338254929192,0.8532909967039061,-3.0242734207362307
3,A->C,1787379575.889922,44.575645287986845,188.7,-1.2762105016317093,0.8514623243951688,-3.0234279088595617
3,A->C,1787379576.0275524,44.71327571896836,188.8,-1.2916863976560045,0.8496221517040582,-3.022693668129277
3,A->C,1787379576.1668386,44.852562362968456,188.9,-1.3071603463942358,0.8477720976002371,-3.0220914780419483
3,A->C,1787379576.3040864,44.98981022601947,189.0,-1.3245305008886408,0.8456925820174932,-3.0237432752914337
3,A->C,1787379576.440537,45.12626048101811,189.2,-1.3433649756508048,0.8434973785002541,-3.028127807743412
3,A->C,1787379576.5168564,45.20257945096819,189.3,-1.3622818622857242,0.84136428895184,-3.0305918887599783
3,A->C,1787379576.5289648,45.21468841697788,189.3,-1.3812101904280956,0.8392663500287655,-3.032254758291273
3,A->C,1787379576.5403697,45.22609279496828,189.3,-1.4001440155962555,0.8371979803402242,-3.033660437927273
3,A->C,1787379576.6756217,45.361345700977836,189.3,-1.419080993918213,0.8351576646432407,-3.0350602683620114
3,A->C,1787379576.8160024,45.50172663497506,189.5,-1.4380189202967697,0.8331456224268566,-3.0365449150183474
3,A->C,1787379576.9529922,45.63871599797858,189.6,-1.4568404495214027,0.8311851456696585,-3.0404056733943743
3,A->C,1787379577.0927005,45.77842922601849,189.7,-1.475787257091822,0.8292922649485543,-3.044655251875146
3,A->C,1787379577.2336943,45.91941760596819,189.8,-1.4947352694742808,0.8274645121211285,-3.047778747805779
3,A->C,1787379577.3713355,46.05705913098063,189.9,-1.5136865042717917,0.8257080175010145,-3.050472328896027
3,A->C,1787379577.5109158,46.196640871989075,190.0,-1.5326412108342795,0.8239986519875481,-3.053051115248286
3,A->C,1787379577.651194,46.33691751898732,190.1,-1.551565557180723,0.8223454243599749,-3.0561350500685074
3,A->C,1787379577.7921612,46.47788496298017,190.2,-1.579996310120353,0.8200323992397675,-3.065716550064874
3,A->C,1787379577.9290903,46.61481353500858,190.3,-1.608467246026902,0.8179503608928963,-3.0721230194505385
3,A->C,1787379577.9977582,46.68348198401509,190.4,-1.6274530471520758,0.8166364523581197,-3.075995012594538
3,A->C,1787379578.13558,46.821303713019006,190.5,-1.655947920849656,0.8148366205662753,-3.0819276964105318
3,A->C,1787379578.1521525,46.83787578396732,190.6,-1.6749554362357382,0.813755027811212,-3.0861914148558527
3,A->C,1787379578.1641662,46.849889211007394,190.6,-1.6939590484678912,0.8126937140278321,-3.0908184862466577
3,A->C,1787379578.1740055,46.8597288869787,190.6,-1.7129764330787107,0.8117914058361764,-3.0957925710342544
3,A->C,1787379578.1830902,46.868813178967685,190.6,-1.7319971236004497,0.8109378027060103,-3.101145412664198
3,A->C,1787379578.1911027,46.876825888000894,190.6,-1.7510355474734023,0.8102069889319593,-3.1068534124402576
3,A->C,1787379578.19858,46.88430283498019,190.6,-1.7700892153117587,0.8096126015828065,-3.113113794592214
3,A->C,1787379578.2058053,46.89152830600506,190.6,-1.789155499921344,0.8090595423903393,-3.1198872335408963
3,A->C,1787379578.2124255,46.89814825501526,190.6,-1.808238020415976,0.8087407144971088,-3.127210369947359
3,A->C,1787379578.2815096,46.96723378502065,190.6,-1.8273399986425711,0.808451525501218,-3.135217225011203
3,A->C,1787379578.2942023,46.97992570698261,190.7,-1.846476379669338,0.8081055692391065,3.1393025491035167
3,A->C,1787379578.4297462,47.11546937300591,190.8,-1.8656182844027482,0.8082553761446216,3.1298572442727224
3,A->C,1787379578.5664334,47.25215755100362,190.9,-1.8847195382003366,0.8088879441171176,3.1197710257219984
3,A->C,1787379578.7044249,47.3901488679694,191.0,-1.9037830528694553,0.8093598122920657,3.1094257601110145
3,A->C,1787379578.8448987,47.53062262100866,191.1,-1.9229120422436459,0.8096831673713983,3.098347420450798
3,A->C,1787379578.982829,47.66855336696608,191.2,-1.9419878760158058,0.8105987080991599,3.08644997980967
3,A->C,1787379579.0584881,47.74421173200244,191.3,-1.9610475847021518,0.8117375788177115,3.073777516177894
3,A->C,1787379579.1961293,47.8818534190068,191.4,-1.9800745802724389,0.8135103891439454,3.0604727943325107
3,A->C,1787379579.2720222,47.957745588966645,191.5,-1.9990757076557284,0.815150960306114,3.0468636527577027
3,A->C,1787379579.2854989,47.971221898973454,191.5,-2.018136491832824,0.8169796004774028,3.0324644359302844
3,A->C,1787379579.2975564,47.98327973700361,191.5,-2.0371553903905935,0.8188761656779684,3.0156225233232115
3,A->C,1787379579.4335377,48.11926169000799,191.6,-2.0559200859998605,0.8213688073139364,2.9981687221347957
3,A->C,1787379579.5711477,48.25687164301053,191.7,-2.0746416521767617,0.824589750208136,2.981042338474751
3,A->C,1787379579.7090323,48.39475569501519,191.8,-2.0933530636086575,0.827715510995607,2.966202871937582
3,A->C,1787379579.786838,48.47256138600642,191.9,-2.1121362509540207,0.8311403733579776,2.9504541866620064
3,A->C,1787379579.7970638,48.48278689297149,191.9,-2.130659975639955,0.8344755169467659,2.9347047021823247
3,A->C,1787379579.8063536,48.49207671597833,191.9,-2.1493304522414443,0.8384851031659931,2.9200191122955057
3,A->C,1787379579.942361,48.628084637981374,192.0,-2.167862448600631,0.8430328011204096,2.9014575208227047
3,A->C,1787379580.0795186,48.765242149995174,192.1,-2.1865116293796087,0.8478806523634256,2.8836937422982087
3,A->C,1787379580.0931172,48.77884034300223,192.1,-2.204936118194583,0.8528715058525921,2.865513206955405
3,A->C,1787379580.2304225,48.916146531002596,192.2,-2.222894174504209,0.8580871303515369,2.848966849111412
3,A->C,1787379580.3062153,48.99193861999083,192.3,-2.238204572609476,0.8625805439293012,2.8389958464377214
3,A->C,1787379580.3195279,49.00525118102087,192.3,-2.2530958576817737,0.8670829451131982,2.827589168140104
3,A->C,1787379580.4559212,49.14164464798523,192.4,-2.267887650152563,0.8719831292989995,2.81055556816269
3,A->C,1787379580.5928757,49.278599546989426,192.5,-2.2826000930147097,0.8775330638628401,2.7922799849326
3,A->C,1787379580.72919,49.414913707994856,192.6,-2.29729546940322,0.8829999761391805,2.7736525053122105
3,A->C,1787379580.7424333,49.428156376001425,192.6,-2.3119032333886906,0.888691231261631,2.7570321265563624
3,A->C,1787379580.8204944,49.5062174659688,192.7,-2.3263707652486456,0.8943070885314209,2.7377753321092957
3,A->C,1787379580.895494,49.58121822896646,192.7,-2.3408012743339968,0.9005780257441779,2.726004378435692
3,A->C,1787379580.971737,49.657459859969094,192.8,-2.3547171111791845,0.9071622389653109,2.714609530274692
3,A->C,1787379581.1083474,49.79407121997792,192.9,-2.3673496163019165,0.9129943851125333,2.69904225901876
3,A->C,1787379581.1848269,49.87055156601127,192.9,-2.3799047582697312,0.9190494595599146,2.680595411059148
3,A->C,1787379581.3218286,50.007552645984106,193.0,-2.392376070890682,0.9252933909839393,2.662062301575586
3,A->C,1787379581.3355558,50.02127945696702,193.1,-2.4047793715120385,0.9314780502571818,2.644011100819221
3,A->C,1787379581.4097683,50.09549239597982,193.1,-2.4168615124701427,0.9385590143543578,2.6258602833931035
3,A->C,1787379581.548329,50.23405347001972,193.2,-2.4293721488579045,0.9457612819810152,2.6094523179019187
3,A->C,1787379581.6256301,50.31135314598214,193.3,-2.441690337125617,0.9531264026902871,2.591281899930458
3,A->C,1787379581.7017958,50.38751929200953,193.3,-2.453862650244648,0.9607221915854219,2.5724250302228016
3,A->C,1787379581.7161295,50.401852806971874,193.4,-2.465282300704007,0.9681352783496726,2.556234814363911
3,A->C,1787379581.8509774,50.53670081298333,193.5,-2.4762492770122555,0.9754960813261498,2.5412188382450602
3,A->C,1787379581.9297092,50.61543436098145,193.5,-2.4871048550711676,0.9830196247349976,2.525444467296849
3,A->C,1787379582.06723,50.75295458798064,193.6,-2.497840052421416,0.9907156669410163,2.509634522073927
3,A->C,1787379582.2051327,50.8908563159639,193.8,-2.5084517157754966,0.9985814704596435,2.494161311404452
3,A->C,1787379582.3426678,51.028391029976774,193.9,-2.519493011900775,1.00702748757854,2.482146918210891
3,A->C,1787379582.356802,51.04252522799652,193.9,-2.530267763325316,1.0154346569014208,2.474386211570908
3,A->C,1787379582.3694093,51.05513263796456,193.9,-2.5401199087613313,1.0232511801211672,2.464602557100767
3,A->C,1787379582.4422872,51.128010122978594,193.9,-2.5498584195240275,1.0311449587958672,2.4534368603427796
3,A->C,1787379582.580088,51.26581175101455,194.1,-2.5594980504308658,1.039145384745214,2.4418455845822162
3,A->C,1787379582.596609,51.28233236097731,194.1,-2.5692445471034806,1.0474282700638455,2.430303855181659
3,A->C,1787379582.672055,51.35777883999981,194.1,-2.5795000647993325,1.0563503787849637,2.418698763716477
3,A->C,1787379582.8114479,51.4971718909801,194.3,-2.589038413114658,1.0648367997931807,2.4071984391720047
3,A->C,1787379582.951371,51.637094528996386,194.4,-2.5980841948750077,1.0730772463792628,2.3966018362195163
3,A->C,1787379583.0280406,51.71376390301157,194.5,-2.607263161485655,1.0816159775084297,2.386233369197172
3,A->C,1787379583.102196,51.78791999799432,194.5,-2.6164558761633674,1.0903405425452761,2.3763246362435524
3,A->C,1787379583.179325,51.865048223000485,194.6,-2.626306378947323,1.099884800233753,2.365639821553459
3,A->C,1787379583.3170645,52.00278790097218,194.7,-2.635936434795736,1.109413188600467,2.356225209549861
3,A->C,1787379583.393998,52.07972126198001,194.8,-2.645444918374623,1.1189863088310656,2.3475014065651614
3,A->C,1787379583.406691,52.09241420699982,194.8,-2.6543333025868323,1.1281048816815937,2.3374997952649625
3,A->C,1787379583.5454504,52.23117399896728,194.8,-2.663301562804399,1.1374869657694449,2.3270560595709284
3,A->C,1787379583.684285,52.3700083430158,194.9,-2.6726607754499545,1.1475300083037414,2.3128227586942254
3,A->C,1787379583.6973765,52.3830996400211,195.0,-2.6820559281435656,1.157890994036205,2.3000925517189157
3,A->C,1787379583.7081249,52.39384803699795,195.0,-2.6912808743110923,1.1683013212880855,2.289510484511421
3,A->C,1787379583.7792957,52.465019149996806,195.0,-2.699930701379851,1.178278606708458,2.2790741458216783
3,A->C,1787379583.915916,52.601640060020145,195.1,-2.7086995193746586,1.1885970676321693,2.2699166793972596
3,A->C,1787379584.0565264,52.74225002800813,195.2,-2.7181618663215183,1.1999651786845897,2.2586522031636593
3,A->C,1787379584.0724096,52.75813263200689,195.3,-2.7275236402660603,1.2114492952466105,2.248424972112641
3,A->C,1787379584.084546,52.77026892499998,195.3,-2.7365929680328613,1.2228114140473068,2.239824938470589
3,A->C,1787379584.220342,52.906065198010765,195.4,-2.7454135300577596,1.2341050808820315,2.224671695273504
3,A->C,1787379584.3579056,53.04362889297772,195.5,-2.754152366651524,1.2456828838152652,2.2071188882430963
3,A->C,1787379584.4967148,53.182438444986474,195.6,-2.763693146397991,1.2587640762908419,2.1935215597927065
3,A->C,1787379584.6337736,53.319497246004175,195.7,-2.7743870957491357,1.2738164617139638,2.1825686863584037
3,A->C,1787379584.7715428,53.45726635801839,195.8,-2.7852243955182945,1.2893697655936631,2.1762448697945427
3,A->C,1787379584.8477497,53.533472803013865,195.9,-2.7959485543993767,1.304963720273084,2.16973036171092
3,A->C,1787379584.8598778,53.54560075997142,195.9,-2.806280239982574,1.3202147412395158,2.161750725442046
3,A->C,1787379584.8707764,53.5564992139698,195.9,-2.81497038329506,1.3333003136537704,2.149864587578149
3,A->C,1787379584.8803928,53.56611581897596,195.9,-2.824400418011207,1.3479162674246086,2.1363266646681676
3,A->C,1787379584.888963,53.574686001986265,195.9,-2.834512615379969,1.3640170014170798,2.1270942400238284
3,A->C,1787379585.0264442,53.71216874301899,196.0,-2.8445185227339382,1.3801768799650305,2.122677848811232
3,A->C,1787379585.1642897,53.850013182964176,196.1,-2.8544433056565075,1.396363015820862,2.1180484966725923
3,A->C,1787379585.3029253,53.98864918900654,196.2,-2.864314648970077,1.412606564018124,2.116567265437964
3,A->C,1787379585.44155,54.127273457008414,196.3,-2.8741596776034486,1.4288904409423633,2.112820087917142
3,A->C,1787379585.4562993,54.142022217973135,196.4,-2.8839850290796365,1.445165601003194,2.1178628489194904
3,A->C,1787379585.4686127,54.15433564700652,196.4,-2.893858400787507,1.461392201461263,2.116720828050692
3,A->C,1787379585.6046715,54.290394653973635,196.5,-2.9037026878644765,1.4775757896206692,2.120450151788138
3,A->C,1787379585.682622,54.36834539001575,196.6,-2.913725862748704,1.4937413126480392,2.136029733465142
3,A->C,1787379585.696174,54.3818970079883,196.6,-2.924105812328956,1.5098121284491757,2.1571296368249144
3,A->C,1787379585.8323197,54.51804338401416,196.7,-2.9347355378136815,1.5255535589873706,2.1760365500073493
3,A->C,1787379585.9697773,54.65550070500467,196.8,-2.945676656070113,1.5411185642159746,2.193869618810551
3,A->C,1787379586.0483003,54.73402359796455,196.9,-2.9569074166953206,1.5565289399839537,2.209474073101297
3,A->C,1787379586.1853116,54.871034919982776,196.9,-2.968345410525999,1.5717321981381254,2.226110635060983
3,A->C,1787379586.261693,54.947416146984324,197.0,-2.980007936508934,1.5867827678678441,2.234670170624093
3,A->C,1787379586.3380492,55.02377258701017,197.1,-2.9917144693486413,1.6016845696839783,2.240243324619971
3,A->C,1787379586.3513122,55.03703511797357,197.1,-3.0035482855927387,1.6165273602926509,2.250648565632692
3,A->C,1787379586.425905,55.11162899096962,197.1,-3.0155756935213103,1.6312295511992023,2.2659205484213807
3,A->C,1787379586.5656815,55.251404832000844,197.2,-3.027835595830034,1.645764264972458,2.280305073718466
3,A->C,1787379586.5805507,55.2662737579667,197.3,-3.0403023695728213,1.6601404317863,2.2929126775730975
3,A->C,1787379586.6541052,55.33982988900971,197.3,-3.0529637277948782,1.6743658371827883,2.30456880906727
3,A->C,1787379586.792014,55.47773722297279,197.4,-3.0657579569709217,1.688429804530456,2.316314271677404
3,A->C,1787379586.9298282,55.61555158498231,197.5,-3.0787407706904077,1.702371210198159,2.325892677016554
3,A->C,1787379587.005212,55.690936830011196,197.6,-3.0918124615520353,1.7161642120390659,2.3351224830804305
3,A->C,1787379587.1446877,55.8304114479688,197.7,-3.1050358927033006,1.729839370509561,2.3456014183528593
3,A->C,1787379587.2842507,55.96997402998386,197.8,-3.1183888822787127,1.7434524000169525,2.346909788641735
3,A->C,1787379587.2996387,55.985361893021036,197.9,-3.1317146463818752,1.757040131233713,2.3467066662968104
3,A->C,1787379587.3110106,55.996733520005364,197.9,-3.1450522201552755,1.7705940695180993,2.3512822916944836
3,A->C,1787379587.321774,56.00749686098425,197.9,-3.1584768814819553,1.7840713456837227,2.359086800272076
3,A->C,1787379587.4574237,56.14314772200305,198.0,-3.1720181530831653,1.7974407117830813,2.3682352289214705
3,A->C,1787379587.594975,56.28069881699048,198.1,-3.1856924400492463,1.8106975230729343,2.376859244428634
3,A->C,1787379587.671583,56.35730616096407,198.2,-3.1994681721466196,1.823830199240602,2.384964831607675
3,A->C,1787379587.808891,56.49461476498982,198.2,-3.2133482163975473,1.8368494556089607,2.3928887835880186
3,A->C,1787379587.885343,56.57106611400377,198.4,-3.227333298796721,1.8497769166053493,2.3990513945012637
3,A->C,1787379587.8975606,56.583283494983334,198.4,-3.2413733938865636,1.8626103977085022,2.4043147726420417
3,A->C,1787379588.0344863,56.72020959301153,198.4,-3.255481003172119,1.8753665022127533,2.409600347395432
3,A->C,1787379588.1746187,56.860343121981714,198.6,-3.2696554744316595,1.8880514197750584,2.414568896932858
3,A->C,1787379588.1860955,56.87181819800753,198.6,-3.283894194539736,1.9006737549333546,2.4190909580635864
3,A->C,1787379588.1958077,56.88153065601364,198.6,-3.298193132485455,1.913239433170717,2.4229642915991016
3,A->C,1787379588.2677736,56.95349741296377,198.6,-3.3125433549276426,1.9257550351056782,2.426323320763764
3,A->C,1787379588.4072073,57.09293045097729,198.7,-3.3269348416252225,1.9382291573510808,2.4291451154565085
3,A->C,1787379588.545354,57.23107739101397,198.9,-3.341358371089135,1.950666974639063,2.4314669771647326
3,A->C,1787379588.6836312,57.36935466498835,199.0,-3.355808426552074,1.9630713816239802,2.4333672808715017
3,A->C,1787379588.6996381,57.385361330991145,199.0,-3.370278022080235,1.975446895782664,2.4348510334355185
3,A->C,1787379588.712752,57.39847522700438,199.0,-3.3847589250842502,1.9878010102567443,2.435954494238822
3,A->C,1787379588.7862122,57.47193562297616,199.0,-3.399247080360851,2.000139358361241,2.436724952173249
3,A->C,1787379588.924204,57.60992793698097,199.1,-3.4137425184385894,2.0124653230625027,2.4372163205168706
3,A->C,1787379589.0624373,57.74816081399331,199.3,-3.4282448538572545,2.0247854343626464,2.4374285060391356
3,A->C,1787379589.203046,57.888769684010185,199.4,-3.4427513958855465,2.037108022765986,2.437450349849317
3,A->C,1787379589.3413265,58.02704981400166,199.5,-3.45726113076088,2.0494367657899297,2.437321969638076
3,A->C,1787379589.4168527,58.10257578297751,199.6,-3.471773362448696,2.0617709364710777,2.4369801325521143
3,A->C,1787379589.4296298,58.11535257397918,199.6,-3.486283719804743,2.074111131849485,2.4364905566121373
3,A->C,1787379589.4407222,58.126445001980755,199.6,-3.500786495930135,2.086460543124649,2.4358415556170145
3,A->C,1787379589.450111,58.1358339379658,199.6,-3.5152774071993784,2.0988199515086396,2.43506187555891
3,A->C,1787379589.5856864,58.271409733977634,199.7,-3.5297557374696926,2.111187092548502,2.4341862025223473
3,A->C,1787379589.72086,58.40658300899668,199.8,-3.5442196589377155,2.1235622922112003,2.433217242340426
3,A->C,1787379589.7279785,58.41370126797119,199.8,-3.5586664440896794,2.135949904128649,2.432168761498009
3,A->C,1787379589.8641863,58.5499105649651,199.9,-3.5730967801447253,2.148353073327275,2.4310636917090136
3,A->C,1787379590.002216,58.68793963600183,200.0,-3.58751529493646,2.160772574209163,2.4299091949251173
3,A->C,1787379590.0172908,58.70301396900322,200.0,-3.601924418545374,2.173210955809231,2.4286984399755323
3,A->C,1787379590.156069,58.841793725965545,200.1,-3.616321820182575,2.185672419080433,2.427435481975962
3,A->C,1787379590.2330897,58.91881292598555,200.2,-3.630706090585806,2.1981567736497922,2.4261254599636675
3,A->C,1787379590.2451801,58.93090330797713,200.2,-3.6450765993432728,2.2106603780555347,2.4247741883514298
3,A->C,1787379590.3829324,59.06865633599227,200.3,-3.659430414628338,2.2231823836689943,2.423388673496469
3,A->C,1787379590.5219307,59.207654381985776,200.4,-3.673763159480347,2.2357243048994246,2.421949876561773
3,A->C,1787379590.660616,59.34633972798474,200.5,-3.6880737533754457,2.248284353213606,2.4204666237818526
3,A->C,1787379590.673716,59.3594392130035,200.5,-3.70236242458556,2.2608605111438775,2.418940990190973
3,A->C,1787379590.6855178,59.37124088301789,200.6,-3.7166279952014296,2.273455124645307,2.4173886162029588
3,A->C,1787379590.6954293,59.381152208021376,200.6,-3.730870867552763,2.2860721689390697,2.415817667885021
3,A->C,1787379590.831449,59.51717246801127,200.6,-3.7450952701985645,2.298713519281618,2.4142015389022173
3,A->C,1787379590.9689164,59.654639991989825,200.7,-3.7593047616836066,2.3113798688307523,2.4125631028882255
3,A->C,1787379591.045842,59.73156527400715,200.8,-3.7734980732641223,2.324073996285395,2.4109122643557765
3,A->C,1787379591.183518,59.869241033971775,200.9,-3.787672400281366,2.336796477390917,2.409250685141077
3,A->C,1787379591.3196473,60.00537059199996,201.0,-3.8018267801269445,2.3495441439109546,2.4075574491397758
3,A->C,1787379591.3950994,60.080822488991544,201.1,-3.8159605894097917,2.3623133541905026,2.4058369993154276
3,A->C,1787379591.4076948,60.09341780800605,201.1,-3.830069743971691,2.3751052256807506,2.4040564284524204
3,A->C,1787379591.542862,60.228585806966294,201.2,-3.8441504921314906,2.387920688412817,2.402258481316928
3,A->C,1787379591.6789212,60.36464459099807,201.3,-3.8582038517725534,2.4007575584137175,2.400445824794647
3,A->C,1787379591.6931305,60.3788536490174,201.3,-3.8722315743469373,2.4136149245284764,2.3986064773149733
3,A->C,1787379591.7694497,60.45517314202152,201.4,-3.8862339101359717,2.426496983026873,2.3967759279741534
3,A->C,1787379591.8452306,60.530954240995925,201.4,-3.9002132042961652,2.4394079831143425,2.394951135558635
3,A->C,1787379591.9208605,60.60658348101424,201.5,-3.914173619262412,2.452348415493949,2.393127565872441
3,A->C,1787379592.058563,60.74428688699845,201.6,-3.928116641313395,2.4653170373911437,2.3912950368718415
3,A->C,1787379592.1348312,60.82055483898148,201.6,-3.9420385738624657,2.478314807954565,2.389463960039184
3,A->C,1787379592.213916,60.899639575975016,201.7,-3.9559364611496326,2.49134069347547,2.387637963318175
3,A->C,1787379592.3504272,61.036150775966235,201.8,-3.9698100091855135,2.5043909493767287,2.3858019878099337
3,A->C,1787379592.427417,61.11314023198793,201.9,-3.9836586254522794,2.517462657072707,2.3839540646136386
3,A->C,1787379592.4405458,61.12626898899907,201.9,-3.997478828851024,2.530556550702043,2.3821018478313882
3,A->C,1787379592.577911,61.26363415498054,202.0,-4.011268582218453,2.543673433498733,2.3802474550476416
3,A->C,1787379592.6539671,61.33969018398784,202.1,-4.025030669906785,2.5568124603153604,2.3783949790205665
3,A->C,1787379592.6656945,61.35141753201606,202.1,-4.03876920437727,2.5699742131307426,2.376553739926999
3,A->C,1787379592.8023171,61.48804055299843,202.2,-4.052485460859938,2.583163862869799,2.3747169127377483
3,A->C,1787379592.8775105,61.563234101980925,202.2,-4.06618033650485,2.5963846472501815,2.3728859604535515
3,A->C,1787379593.0161543,61.70187764498405,202.3,-4.079864613507481,2.6096453696075166,2.370722242604611
3,A->C,1787379593.1534123,61.83913581701927,202.4,-4.093513202080445,2.6229281645028104,2.3685086143327605
3,A->C,1787379593.29365,61.97937348601408,202.6,-4.107138337525197,2.636245663288232,2.3663678892941475
3,A->C,1787379593.3077703,61.99349349999102,202.6,-4.120727902031473,2.6496025581849576,2.3630811786486
3,A->C,1787379593.319113,62.00483577197883,202.6,-4.1342676046583255,2.6629897354328307,2.3605775883030256
3,A->C,1787379593.3922431,62.07796672999393,202.6,-4.147786635458667,2.676424021598366,2.357016214750252
3,A->C,1787379593.5290825,62.21480573399458,202.7,-4.16123034127783,2.68988797146174,2.3535105847722684
3,A->C,1787379593.665998,62.35172186198179,202.8,-4.1746380411171,2.7034016101489606,2.3508251999274705
3,A->C,1787379593.8038864,62.48960955196526,203.0,-4.188000882108724,2.716970902685191,2.3458403683498927
3,A->C,1787379593.9412317,62.62695508496836,203.1,-4.2012937735395175,2.7305798551287306,2.3428306297556314
3,A->C,1787379594.0782998,62.76402310602134,203.2,-4.214582246977666,2.7442692698505398,2.3382253259146077
3,A->C,1787379594.0932822,62.77900528797181,203.2,-4.227767386808617,2.7579961077839346,2.3338698657644263
3,A->C,1787379594.104592,62.79031504498562,203.2,-4.240920522206798,2.7717867576555713,2.3311318413419166
3,A->C,1787379594.115235,62.80095807398902,203.2,-4.254025803838456,2.7856432698144498,2.3248454313819407
3,A->C,1787379594.1920311,62.87775447696913,203.3,-4.267036421719728,2.7995378610222414,2.3217832382283308
3,A->C,1787379594.2658396,62.95156314101769,203.3,-4.280042450730931,2.8135216063130324,2.315957945168358
3,A->C,1787379594.403195,63.08891828201013,203.4,-4.292888335109369,2.8275926331186447,2.3035348338660264
3,A->C,1787379594.5421977,63.227921490964945,203.5,-4.305559422635161,2.8417893782840347,2.2947178286059517
3,A->C,1787379594.618531,63.30425433599157,203.6,-4.318122988706363,2.856053429450871,2.291368955517547
3,A->C,1787379594.6326063,63.31832939997548,203.7,-4.330678900190519,2.8703710111370038,2.290256397195732
3,A->C,1787379594.6429734,63.32869643298909,203.7,-4.3432316781465685,2.8847181783215388,2.2888646780901767
3,A->C,1787379594.715379,63.401102477975655,203.7,-4.355754457201171,2.8990666278078856,2.2882603692960495
3,A->C,1787379594.8524728,63.538197087007575,203.8,-4.368270048023785,2.913443626218732,2.285912013109525
3,A->C,1787379594.9899952,63.67571852199035,203.9,-4.380777317445718,2.927872027404841,2.2829983176904234
3,A->C,1787379595.128175,63.81389907398261,204.0,-4.393210547173049,2.942316328552033,2.2804616852496773
3,A->C,1787379595.268187,63.95391075999942,204.1,-4.405603691705237,2.956841541946044,2.2716843592535785
3,A->C,1787379595.4048438,64.090567222971,204.2,-4.417821082820152,2.9714462204182808,2.262069867214761
3,A->C,1787379595.418801,64.10452436597552,204.3,-4.429907988039645,2.9861273656209186,2.2575536878859035
3,A->C,1787379595.430981,64.11670382099692,204.3,-4.441959524787844,3.000838706217773,2.2576781776409773
3,A->C,1787379595.4419153,64.12763855600497,204.3,-4.4540327753916555,3.0155705816633533,2.2576382125563113
3,A->C,1787379595.5152574,64.20098092098488,204.3,-4.466111843122012,3.0303252131440104,2.2560783956308605
3,A->C,1787379595.6519718,64.33769556001062,204.4,-4.478147545435584,3.0450971439767183,2.2532427020823316
3,A->C,1787379595.7283962,64.41411957901437,204.5,-4.49017810128277,3.0599296476741817,2.2503821389537237
3,A->C,1787379595.866118,64.55184116499731,204.6,-4.502134222800168,3.0747655094466952,2.2482738248125202
3,A->C,1787379596.0029538,64.68867731001228,204.7,-4.514058444335537,3.089690633379798,2.239082654314598
3,A->C,1787379596.0163274,64.70205061096931,204.7,-4.525790788039314,3.1046927837849574,2.2290094135364944
3,A->C,1787379596.152978,64.83870149997529,204.8,-4.537388777702361,3.119771301543832,2.224732859126721
3,A->C,1787379596.293504,64.97922774701146,204.9,-4.5489640092271,3.1348867845362305,2.2243266595944524
3,A->C,1787379596.4318016,65.1175250459928,205.0,-4.560544299956571,3.150010926802504,2.224015935313131
3,A->C,1787379596.4449072,65.13063030596823,205.1,-4.572119820456829,3.165154819026238,2.2223594363931856
3,A->C,1787379596.4557812,65.14150410401635,205.1,-4.583670027912316,3.1803422819346485,2.2188469625553653
3,A->C,1787379596.4656754,65.15139842598,205.1,-4.595147768270551,3.195538282511228,2.2171413344180912
3,A->C,1787379596.5997567,65.28548042697366,205.2,-4.606604541581764,3.2108252247712756,2.2084744228212676
3,A->C,1787379596.6703744,65.35609804699197,205.2,-4.6178722458077734,3.226180550474927,2.198460133863713
3,A->C,1787379596.8088012,65.49452502699569,205.3,-4.628998771521843,3.2415995052027977,2.1941834589946865
3,A->C,1787379596.9457562,65.63147971598664,205.4,-4.640113914445927,3.2570658699526724,2.1939347110150726
3,A->C,1787379597.0846162,65.7703405719949,205.5,-4.651238245645363,3.272550836622099,2.1934279164660855
3,A->C,1787379597.0993273,65.78505030501401,205.6,-4.6623522154749395,3.2880581650831524,2.1912832857298965
3,A->C,1787379597.1112235,65.79694664297858,205.6,-4.673369552705908,3.3035308365139575,2.186543742367317
3,A->C,1787379597.182533,65.86825670098187,205.6,-4.683871139312983,3.3185070537937924,2.1766906670841517
3,A->C,1787379597.3199728,66.0056963149691,205.7,-4.6940146989256055,3.3332533031400677,2.169774670654447
3,A->C,1787379597.4575808,66.14330414601136,205.8,-4.703831006930845,3.347677076055667,2.1680247499122007
3,A->C,1787379597.5957196,66.28144325898029,205.9,-4.713561121469274,3.3619945126953366,2.168606894014481
3,A->C,1787379597.6091259,66.29484908096492,206.0,-4.722996100783252,3.375877185297597,2.166282413093081
3,A->C,1787379597.621313,66.30703605397139,206.0,-4.732226752001547,3.3895321018399946,2.163344094206701
3,A->C,1787379597.6960402,66.3817636659951,206.0,-4.7411943183466345,3.4029390945878952,2.1565945926186783
3,A->C,1787379597.8338702,66.51959372201236,206.1,-4.749823932896357,3.415994953401548,2.153074816640752
3,A->C,1787379597.9715364,66.6572599990177,206.3,-4.758282116776145,3.428851573811134,2.1536240104985476
3,A->C,1787379598.109392,66.79511524300324,206.4,-4.766484124700136,3.4413185424637476,2.1522770307681003
3,A->C,1787379598.248262,66.93398565397365,206.5,-4.774484624920809,3.4535653622687232,2.144896384923921
3,A->C,1787379598.3878706,67.07359398400877,206.6,-4.782110447205828,3.4654580638978074,2.136737535383785
3,A->C,1787379598.5232997,67.20902279700385,206.7,-4.789438850856074,3.4770380334693067,2.134527176399458
3,A->C,1787379598.5993023,67.28502548899269,206.8,-4.7966599407016375,3.4884492953549704,2.1358660336890445
3,A->C,1787379598.6115408,67.29726374999154,206.8,-4.803628334504278,3.4994592660313053,2.135499363812929
3,A->C,1787379598.6227207,67.3084437919897,206.8,-4.810582976692104,3.510461788217866,2.134459758753534
3,A->C,1787379598.632228,67.31795062700985,206.8,-4.817285991485499,3.5211203602974166,2.128141085903216
3,A->C,1787379598.6406286,67.3263515959843,206.8,-4.82370216631121,3.531492257711007,2.1205989872860833
3,A->C,1787379598.6478314,67.33355454000412,206.8,-4.829906724689981,3.5416595636082424,2.118071010336024
3,A->C,1787379598.7177622,67.40348565898603,206.8,-4.835978185271429,3.5516369218255774,2.1185786240205258
3,A->C,1787379598.85441,67.54013350699097,206.9,-4.841905596917105,3.561368966266699,2.1163540774226086
3,A->C,1787379598.9919038,67.67762711498654,207.0,-4.847670874811579,3.570886674856107,2.113909661795443
3,A->C,1787379599.129201,67.81492525798967,207.2,-4.853199959525543,3.580109899176687,2.107178104459743
3,A->C,1787379599.2677658,67.95348932000343,207.3,-4.8585321934454235,3.5891297179707293,2.102363108017806
3,A->C,1787379599.3457084,68.03143122396432,207.4,-4.863762307545899,3.59803158517337,2.101967435634241
3,A->C,1787379599.4203796,68.1061029160046,207.4,-4.8688815905776215,3.6067409776888706,2.102415382635869
3,A->C,1787379599.5018957,68.1876194109791,207.4,-4.87638755500384,3.619542847732071,2.0975089929200803
3,A->C,1787379599.7013912,68.38711455801968,207.6,-4.883341223685951,3.631632771730076,2.0880881688592683
3,A->C,1787379599.7844706,68.47019398998236,207.7,-4.89005793172664,3.6434298740794535,2.089926474330519
3,A->C,1787379599.9293196,68.61504260101356,207.8,-4.896515903650389,3.6547321766730496,2.090676184747788
3,A->C,1787379600.0103455,68.69606885698158,207.8,-4.902687194108678,3.6656199950085253,2.0792466197123662
3,A->C,1787379600.15557,68.84129321802175,208.0,-4.908508190335121,3.6761713602360557,2.0729983887450176
3,A->C,1787379600.3628316,69.04855574201792,208.1,-4.914152969912211,3.686438786723311,2.0732853789851537
3,A->C,1787379600.5705516,69.25627524097217,208.3,-4.9196117772191075,3.696393248361444,2.0719464654293933
3,A->C,1787379600.5904875,69.27621074899798,208.4,-4.924826570560357,3.7060185394450427,2.0604683793712444
3,A->C,1787379600.6707168,69.35644010198303,208.4,-4.92965657294306,3.7151688279640096,2.054320782764897
3,A->C,1787379600.8142598,69.49998318700818,208.5,-4.934373736711641,3.724153456107838,2.0547987088682214
3,A->C,1787379600.904615,69.59033790999092,208.6,-4.940378457748216,3.7356420155738594,2.0461788468971163
3,A->C,1787379601.175838,69.8615613040165,208.8,-4.94592940548839,3.746505561060942,2.042563256146833
3,A->C,1787379601.4516904,70.13741461600875,209.0,-4.951343568068357,3.757158518786637,2.0377613554794425
3,A->C,1787379601.541967,70.2276900029974,209.1,-4.956252540540744,3.7671011941356842,2.021768762020152
3,A->C,1787379601.6256325,70.31135587597964,209.1,-4.9609431590369555,3.7767974038503755,2.0220976257942826
3,A->C,1787379601.900442,70.58616544801043,209.4,-4.965416345567858,3.7860815618902444,2.013568366620524
3,A->C,1787379601.9934552,70.67917906097136,209.4,-4.970470700690918,3.7968864387308456,2.007185180052057
3,A->C,1787379602.3364627,71.02218662301311,209.7,-4.975542838946664,3.8078203155902153,2.0008781346712152
3,A->C,1787379602.6844544,71.37017797201406,210.0,-4.980387463815163,3.818691498524793,1.9825075432667807
3,A->C,1787379602.8423362,71.52806000498822,210.1,-4.985028490056668,3.8294107552788876,1.9774513625440904
3,A->C,1787379602.9289157,71.61463892797474,210.1,-4.989549946287064,3.8401211833175166,1.9565621839863847
3,A->C,1787379603.1485243,71.83424784999806,210.3,-4.993808996290826,3.850874705137733,1.943523374666987
3,A->C,1787379603.367567,72.05329038796481,210.5,-4.997987288200049,3.8616931704115247,1.9325551010082886
4,C->D,1787379609.8134995,0.07129522901959717,215.6,-4.997309930732569,3.863275456579838,-3.0649626939961707
4,C->D,1787379614.6592376,4.917032121971715,219.5,-4.998910646985183,3.852427708158664,-1.7881495994234629
4,C->D,1787379614.6704812,4.928276050020941,219.5,-5.001322998025055,3.8402650713200166,-1.746855456095065
4,C->D,1787379614.6799948,4.937789329967927,219.5,-5.003549877944239,3.8268277762354264,-1.7211658551403546
4,C->D,1787379614.8850434,5.142839255975559,219.6,-5.005449235095452,3.8132640739517045,-1.6950869769305563
4,C->D,1787379615.0918658,5.349662585009355,219.8,-5.006986019479943,3.799553462100949,-1.6666095669150438
4,C->D,1787379615.3024209,5.5602157799876295,219.9,-5.008124478061872,3.7858527596570664,-1.6320188008248724
4,C->D,1787379615.4469416,5.704736742016394,220.1,-5.008745215033839,3.771873958179193,-1.5936473546773342
4,C->D,1787379615.6555195,5.913316102989484,220.2,-5.008873189325263,3.757678606448938,-1.5610171095471423
4,C->D,1787379615.800339,6.0581342499936,220.4,-5.0085331178110915,3.743296113696362,-1.5276664789702856
4,C->D,1787379615.8170953,6.074890303018037,220.4,-5.007688110107048,3.7288204878705984,-1.491519035817746
4,C->D,1787379615.8940763,6.151871931971982,220.4,-5.009171954576314,3.714173054920768,-1.4521537891607252
4,C->D,1787379616.0316217,6.289417167019565,220.5,-5.005205337066117,3.7046925573148037,-1.4251811143676196
4,C->D,1787379616.1703415,6.428136628004722,220.6,-5.003643177780157,3.694762549978007,-1.3985309146190843
4,C->D,1787379616.3074796,6.565275339002255,220.7,-5.001785123021125,3.6847167578983098,-1.3719533088153624
4,C->D,1787379616.3205464,6.578341094020288,220.8,-4.999650582998629,3.6746458654464815,-1.3459004519432374
4,C->D,1787379616.3309247,6.588720230967738,220.8,-4.997228458059638,3.66449815059479,-1.3205678169021804
4,C->D,1787379616.403104,6.660899167007301,220.8,-4.994503006740809,3.6541857598205683,-1.2996448164088723
4,C->D,1787379616.5441341,6.801929945009761,220.9,-4.991515637932512,3.643733421692525,-1.278341776682268
4,C->D,1787379616.681354,6.939149259007536,221.0,-4.988226781193365,3.6331802869244836,-1.2515666720219487
4,C->D,1787379616.75659,7.014384877984412,221.1,-4.984607737808105,3.6226190090982753,-1.223263216151195
4,C->D,1787379616.8937156,7.151510691968724,221.2,-4.980610203636798,3.6119598282441916,-1.1956609483192724
4,C->D,1787379617.0314767,7.289272108988371,221.3,-4.976235122833304,3.6011880006009656,-1.1705409246694543
4,C->D,1787379617.0476174,7.305412242014427,221.4,-4.97152690334785,3.590296846543726,-1.1520031798157706
4,C->D,1787379617.0590136,7.316808720992412,221.4,-4.966485286956213,3.579235342741549,-1.129473483971239
4,C->D,1787379617.0690327,7.326827329001389,221.4,-4.961107988488968,3.568195044393304,-1.100552057975909
4,C->D,1787379617.141182,7.398977970005944,221.4,-4.952341481039342,3.5576377614563444,-1.0707939209128645
4,C->D,1787379617.2819693,7.539765128982253,221.5,-4.948112507980331,3.544612534402198,-1.0445679984949212
4,C->D,1787379617.4204311,7.678227037016768,221.6,-4.9412308238545615,3.53303079687331,-1.017093860523274
4,C->D,1787379617.5594099,7.8172060219803825,221.7,-4.9338373585355395,3.521356973928703,-0.9891418510252283
4,C->D,1787379617.6981156,7.95591073698597,221.8,-4.9259550401347845,3.5096353417931,-0.9629794589571816
4,C->D,1787379617.7133489,7.971143505012151,221.9,-4.917346882157514,3.4974829810798096,-0.943609830729115
4,C->D,1787379617.724819,7.982614092994481,221.9,-4.90843778138862,3.4853766520377283,-0.9251382815360314
4,C->D,1787379617.7977774,8.05557357397629,221.9,-4.899039125858279,3.473142806633963,-0.9007668590788612
4,C->D,1787379617.873233,8.131028520991094,222.0,-4.889214519046525,3.461019522640019,-0.8734116901379676
4,C->D,1787379618.0097103,8.267505834985059,222.1,-4.8785787976493475,3.4485960454872413,-0.848848180159764
4,C->D,1787379618.1493082,8.407103530014865,222.2,-4.8670327725835705,3.4357527350571937,-0.8248815643408502
4,C->D,1787379618.1682885,8.426083991013002,222.2,-4.8546143919780835,3.4225672026234863,-0.8027579624116323
4,C->D,1787379618.3054626,8.563258734997362,222.3,-4.841442789191146,3.4091288467801064,-0.7845609281226722
4,C->D,1787379618.4436295,8.701424782979302,222.4,-4.827898029761298,3.3958194915066877,-0.7639211820312714
4,C->D,1787379618.5186715,8.776467036979739,222.5,-4.814061945085219,3.3828112149516407,-0.7404005737609419
4,C->D,1787379618.5287702,8.786565002985299,222.5,-4.799911135520914,3.3701249692227386,-0.7170261579244822
4,C->D,1787379618.6001449,8.857940679998137,222.5,-4.785474194671942,3.3577498341985517,-0.6966838785961942
4,C->D,1787379618.6766844,8.934479793009814,222.6,-4.770798587176046,3.345669557728377,-0.6774239909746674
4,C->D,1787379618.814773,9.07256961602252,222.7,-4.7558939065791,3.3338589618821595,-0.6599563218070211
4,C->D,1787379618.8906972,9.148492514970712,222.8,-4.7407889169696205,3.3222937210305012,-0.644557282529648
4,C->D,1787379618.9664915,9.22428621997824,222.9,-4.725513742446611,3.3109483277793856,-0.6311433753675959
4,C->D,1787379619.1026826,9.360478247981519,222.9,-4.710095478813479,3.2997967704807745,-0.6196068804019371
4,C->D,1787379619.1811116,9.438906877010595,223.0,-4.694616482938626,3.2889162902411417,-0.6093435067671438
4,C->D,1787379619.1925025,9.450297291972674,223.0,-4.678900139496484,3.2780967111289803,-0.6006792567582987
4,C->D,1787379619.3270712,9.584866834979039,223.1,-4.663157108457,3.267373737238402,-0.5937682822524764
4,C->D,1787379619.4027314,9.660527388972696,223.2,-4.647346740635459,3.25675565131051,-0.5881151177980445
4,C->D,1787379619.4758937,9.733689470973331,223.2,-4.631479589901742,3.246220698723993,-0.5837111575233606
4,C->D,1787379619.5511117,9.80890725000063,223.3,-4.6155664612398155,3.2357482191997797,-0.5803898729119668
4,C->D,1787379619.6869388,9.944734302989673,223.4,-4.5996162005020516,3.22532127501727,-0.5781003522136702
4,C->D,1787379619.761968,10.019763307995163,223.5,-4.583641259252906,3.214926161788532,-0.5765266911237151
4,C->D,1787379619.773575,10.031370822980534,223.5,-4.567653780175563,3.2045524130664367,-0.5755292174828923
4,C->D,1787379619.9093056,10.167101086990442,223.5,-4.551669640610584,3.194201236328239,-0.5736852516480992
4,C->D,1787379619.9841006,10.241896490973886,223.6,-4.535661882518947,3.183877129234544,-0.5720564519040051
4,C->D,1787379620.1252394,10.38304133497877,223.7,-4.519649754984063,3.1735687974695486,-0.571842548096064
4,C->D,1787379620.2090888,10.46688472799724,223.8,-4.503642689117393,3.1632596270783293,-0.5725031924149484
4,C->D,1787379620.284982,10.542777200986166,223.8,-4.487657155675265,3.152955481801197,-0.5714670005756518
4,C->D,1787379620.3604646,10.618260073999409,223.9,-4.4716385692550205,3.1426656600109752,-0.570600763024695
4,C->D,1787379620.4993763,10.757171463978011,224.0,-4.455618426704568,3.1323777111648607,-0.5715988334443163
4,C->D,1787379620.5787234,10.836518299009185,224.1,-4.43960956911672,3.122064576863068,-0.5737144914693388
4,C->D,1787379620.5936801,10.851475616975222,224.1,-4.423624243576629,3.1117158179845394,-0.5759606952698059
4,C->D,1787379620.7308116,10.98860764602432,224.2,-4.407644141880376,3.1013617768311845,-0.574190873998984
4,C->D,1787379620.868419,11.126214048999827,224.3,-4.391632453558835,3.091004866651303,-0.5751114066649522
4,C->D,1787379620.8820772,11.139872341998853,224.3,-4.375639959911244,3.0806230382676696,-0.5777562034685177
4,C->D,1787379621.0184512,11.276246409979649,224.4,-4.359685532990728,3.0701938112253115,-0.581322874513562
4,C->D,1787379621.0943818,11.352177378023043,224.5,-4.34377705824455,3.0597060497506066,-0.5853100802162703
4,C->D,1787379621.2321935,11.48998917802237,224.6,-4.3279168231238785,3.0491559317283423,-0.5894672139092143
4,C->D,1787379621.2471328,11.504927433968987,224.6,-4.312104406274979,3.038545103571635,-0.5936732315364853
4,C->D,1787379621.3206606,11.578455775976181,224.6,-4.296338978393221,3.0278723845180657,-0.5978841917198598
4,C->D,1787379621.4601226,11.717917886970099,224.7,-4.280620378276856,3.0171326140116492,-0.6020643135234662
4,C->D,1787379621.5382683,11.79606334597338,224.9,-4.264945108868968,3.0063242841885023,-0.6061770023060301
4,C->D,1787379621.5509598,11.808754506986588,224.9,-4.24930953971639,2.9954479997525154,-0.6101843328659973
4,C->D,1787379621.625656,11.883452643000055,224.9,-4.233712474862359,2.984506305212677,-0.6140907061228082
4,C->D,1787379621.7654386,12.023233584011905,225.0,-4.218155200158178,2.973504245866708,-0.6178858886088967
4,C->D,1787379621.9037652,12.161560877982993,225.1,-4.202639541154308,2.962445803417918,-0.6215291290319733
4,C->D,1787379621.9791486,12.236943685973529,225.2,-4.187166554983898,2.951332994604823,-0.6250267316740376
4,C->D,1787379622.116629,12.37442391901277,225.3,-4.171735218016626,2.9401679078149576,-0.6283864317689789
4,C->D,1787379622.2527227,12.510518010996748,225.4,-4.156343996286817,2.928952723520757,-0.6316173281425105
4,C->D,1787379622.3906398,12.648434821981937,225.5,-4.140990286751048,2.91769109123381,-0.634739744645177
4,C->D,1787379622.5283217,12.786116708011832,225.6,-4.125672180679188,2.906384701119217,-0.6377944386463107
4,C->D,1787379622.6035128,12.861308007966727,225.7,-4.110389034434474,2.89503213245936,-0.6407927896338852
4,C->D,1787379622.615107,12.872901880007703,225.7,-4.09513964969709,2.883631146472738,-0.6437396440062829
4,C->D,1787379622.6260157,12.8838105549803,225.7,-4.079921124506552,2.8721828528880273,-0.646623644862643
4,C->D,1787379622.6358232,12.893618009984493,225.7,-4.064731466299035,2.860690379257343,-0.6494218456258338
4,C->D,1787379622.707202,12.96499726199545,225.7,-4.049571513131879,2.849156348695069,-0.6521229974079251
4,C->D,1787379622.7207663,12.978561714990065,225.8,-4.034444071872773,2.83758181012691,-0.654720689858856
4,C->D,1787379622.857359,13.115155718987808,225.8,-4.019349459975835,2.8259692345737895,-0.6572106848679603
4,C->D,1787379622.9949276,13.252723324985709,225.9,-4.004286019045221,2.814320573119244,-0.6596056534666934
4,C->D,1787379623.0719798,13.329774905985687,226.0,-3.9892505667302727,2.8026387002981346,-0.6619237951701906
4,C->D,1787379623.2109716,13.468767253973056,226.1,-3.9742419425273394,2.7909242233333864,-0.6641838768962279
4,C->D,1787379623.2878225,13.545617901021615,226.2,-3.9592608876480453,2.779175822595428,-0.6664143111369341
4,C->D,1787379623.3068683,13.564663430966903,226.2,-3.94430716022324,2.7673930167795358,-0.6686231015984618
4,C->D,1787379623.4428167,13.700612845015712,226.3,-3.9293788328960892,2.7555760754599414,-0.670803878274442
4,C->D,1787379623.5155299,13.773325048969127,226.3,-3.9144727662516923,2.7437268038235127,-0.6729770793654855
4,C->D,1787379623.6517315,13.909526292001829,226.4,-3.899589598938723,2.7318448239492366,-0.6750870785448998
4,C->D,1787379623.6613863,13.919180904980749,226.5,-3.884731691866211,2.719929698537609,-0.6771162499725752
4,C->D,1787379623.7323709,13.990166064992081,226.5,-3.869899498381224,2.7079847938473756,-0.6790617746521858
4,C->D,1787379623.8674264,14.125221429974772,226.6,-3.855091991205342,2.6960132020344516,-0.6809328086493012
4,C->D,1787379624.0043387,14.262133681972045,226.7,-3.840307118807082,2.6840173056510133,-0.6827485509290965
4,C->D,1787379624.0181444,14.27593921602238,226.8,-3.825544672502049,2.6719955166977343,-0.6845248457187507
4,C->D,1787379624.092129,14.349924736015964,226.8,-3.8108046574756456,2.659946783260738,-0.6862918117841251
4,C->D,1787379624.168368,14.426162965013646,226.9,-3.7960870576428816,2.647871092121893,-0.6880406945827569
4,C->D,1787379624.3062747,14.56407045800006,227.0,-3.781389669086914,2.6357708674462037,-0.6898011241392169
4,C->D,1787379624.4469604,14.704755384009331,227.1,-3.7667119373504896,2.623645694144808,-0.6915636779491574
4,C->D,1787379624.5842762,14.842072073020972,227.2,-3.7520548661763735,2.611492693564525,-0.6933272663921611
4,C->D,1787379624.7220583,14.979853986005764,227.3,-3.737418732910007,2.5993113664737773,-0.6950629285583343
4,C->D,1787379624.860786,15.118581224989612,227.4,-3.722803088484393,2.5871043323657403,-0.6967413347517216
4,C->D,1787379624.8745022,15.132296974014025,227.4,-3.7082076690312773,2.5748749081991824,-0.6983505895000852
4,C->D,1787379624.8863983,15.144193443004042,227.5,-3.693632658423805,2.562624803910215,-0.6998928821725948
4,C->D,1787379624.8973274,15.155122418014798,227.5,-3.6790785135465973,2.550352826859047,-0.7013903244987105
4,C->D,1787379624.9071138,15.164908477978315,227.5,-3.664543990178298,2.5380581757229765,-0.7028643666921075
4,C->D,1787379625.042638,15.30043302802369,227.5,-3.6500270573778106,2.5257422632776145,-0.7043368904374606
4,C->D,1787379625.1812408,15.439037074975204,227.6,-3.63552709095231,2.5134064809293637,-0.705835452096106
4,C->D,1787379625.2615173,15.519312285003252,227.7,-3.621046090544777,2.501048945595318,-0.7073709892795881
4,C->D,1787379625.3958313,15.653627642022911,227.8,-3.606585129331386,2.488667864781248,-0.7089288798884554
4,C->D,1787379625.472363,15.730158028018195,227.9,-3.5921432643180946,2.476262246358671,-0.7104958200203703
4,C->D,1787379625.4852364,15.743032120983116,227.9,-3.577718665140603,2.4638337549569878,-0.712076410519472
4,C->D,1787379625.6215458,15.87934113299707,228.0,-3.563312307633411,2.4513833781412617,-0.7136442852335101
4,C->D,1787379625.69731,15.955105519969948,228.0,-3.548926815549317,2.43891093667782,-0.7151865029370572
4,C->D,1787379625.8353755,16.093170923006255,228.1,-3.5345631464135443,2.4264164430745474,-0.7166786603062465
4,C->D,1787379625.972679,16.230474081996363,228.2,-3.5202187879096543,2.4139011371388683,-0.7181383661848595
4,C->D,1787379625.9866579,16.24445282301167,228.3,-3.505891783768719,2.401365295141624,-0.7196425368339521
4,C->D,1787379626.0608704,16.318666061968543,228.3,-3.4915822621326136,2.3888088756855312,-0.721174030146049
4,C->D,1787379626.0743778,16.332172597001772,228.4,-3.4772932741909726,2.3762290183560633,-0.722785426812274
4,C->D,1787379626.2105758,16.468371319992002,228.4,-3.463026543219712,2.363625035340149,-0.7244862646565053
4,C->D,1787379626.3506382,16.608433287008666,228.5,-3.448781941713078,2.3509959324491296,-0.7262817972965581
4,C->D,1787379626.3693442,16.627139554009773,228.6,-3.4345584351792247,2.338342030071283,-0.7281172571935194
4,C->D,1787379626.506237,16.764032442995813,228.7,-3.420356788652379,2.325661650706828,-0.7299895534194356
4,C->D,1787379626.5823221,16.84011831600219,228.7,-3.40618021868002,2.3129532516211273,-0.7318864628400252
4,C->D,1787379626.6606956,16.918491343967617,228.8,-3.392029543460449,2.3002174400192374,-0.7338095744555607
4,C->D,1787379626.79646,17.05425598396687,228.9,-3.377904406378689,2.287455131081491,-0.7357623778453466
4,C->D,1787379626.8726811,17.130477056023665,229.0,-3.3638031135826916,2.2746664220012947,-0.7377775837530713
4,C->D,1787379626.8857162,17.143511030008085,229.0,-3.349727168052057,2.261847861507994,-0.7399392576808824
4,C->D,1787379627.022341,17.280136907007545,229.1,-3.3356802049048553,2.248996519379071,-0.7422632466858559
4,C->D,1787379627.0992625,17.357057638000697,229.1,-3.3216648436216833,2.2361109836489654,-0.7447220181163257
4,C->D,1787379627.175166,17.43296118901344,229.2,-3.307682626504888,2.223191018425848,-0.7473426722083845
4,C->D,1787379627.3118434,17.569638549990486,229.3,-3.2937388990001497,2.2102428058938433,-0.7495075493134101
4,C->D,1787379627.3879955,17.64579113002401,229.3,-3.279792668545081,2.1973088927259337,-0.7445274351243718
4,C->D,1787379627.4656875,17.72348340699682,229.5,-3.265765255139127,2.184395150529884,-0.7448427329890038
4,C->D,1787379627.6021185,17.859915094973985,229.5,-3.253339305997367,2.1728593135487038,-0.7543501985480934
4,C->D,1787379627.7394369,17.997232012974564,229.6,-3.2417028873223788,2.1618032166719763,-0.7676404986936285
4,C->D,1787379627.8159547,18.073750167968683,229.7,-3.2313045603178954,2.151664826436804,-0.779824650447989
4,C->D,1787379627.8277986,18.085593361989595,229.7,-3.221195133818824,2.141602817011328,-0.7867622971910151
4,C->D,1787379627.9009352,18.158730576978996,229.7,-3.2111395898407338,2.131483057546576,-0.7901904709724145
4,C->D,1787379628.0407193,18.29851489898283,229.9,-3.2010995924407153,2.1213216859721187,-0.7925497852034652
4,C->D,1787379628.177989,18.435784312023316,230.0,-3.1910766633638508,2.1111281667940474,-0.7956056473212983
4,C->D,1787379628.2547548,18.512550581013784,230.1,-3.1810940520650495,2.100912641542889,-0.798518299485681
4,C->D,1787379628.2680886,18.525883324968163,230.1,-3.1711441007536414,2.0906561747435224,-0.803080374058923
4,C->D,1787379628.279799,18.53759436000837,230.1,-3.161226487179181,2.080340773828659,-0.808344466645867
4,C->D,1787379628.4164052,18.674201628018636,230.2,-3.151386015816847,2.0699866050497016,-0.8134495591864409
4,C->D,1787379628.5581622,18.815957686980255,230.3,-3.1415986998128997,2.059562731725073,-0.8208446894379708
4,C->D,1787379628.6338243,18.89162008499261,230.4,-3.131883193530009,2.0490864818040193,-0.8253285512585872
4,C->D,1787379628.6461368,18.903932165994775,230.4,-3.1222167947842276,2.03854247878876,-0.8332364324250447
4,C->D,1787379628.7193604,18.977155464002863,230.4,-3.11263344026989,2.027945258737979,-0.8379546269638225
4,C->D,1787379628.8559973,19.11379324097652,230.5,-3.103093990585671,2.0172357457514627,-0.8512990689108497
4,C->D,1787379628.9934318,19.251227508997545,230.6,-3.0937490539190247,2.0064295040399363,-0.8658427697201688
4,C->D,1787379629.1348398,19.392635132011492,230.7,-3.084557308337895,1.9955337137719018,-0.8742253434200158
4,C->D,1787379629.2734342,19.53122970100958,230.8,-3.075410327518073,1.9845531210769711,-0.8785199362323504
4,C->D,1787379629.4111786,19.66897468699608,230.9,-3.066293919549435,1.9735182212548843,-0.8826232573742716
4,C->D,1787379629.4272943,19.685089833976235,231.0,-3.057219174109363,1.962430289213949,-0.888085227457012
4,C->D,1787379629.437861,19.695655633986462,231.0,-3.048207394353603,1.9512802374522424,-0.8953565124630178
4,C->D,1787379629.4475677,19.70536310400348,231.0,-3.039304184306429,1.9401026584586667,-0.9006439439969823
4,C->D,1787379629.5187097,19.77650562499184,231.0,-3.0304497833017376,1.9288178600628818,-0.9131853983507092
4,C->D,1787379629.5336456,19.791440971021075,231.1,-3.021787845165596,1.917453530415578,-0.9272406795505562
4,C->D,1787379629.6703277,19.928123437974136,231.1,-3.013283753532018,1.9060152990613866,-0.9352043092078719
4,C->D,1787379629.8086364,20.06643151899334,231.2,-3.004821883724325,1.8945012688560174,-0.9388629680623142
4,C->D,1787379629.9461224,20.203917642997112,231.4,-2.9963881430651753,1.8829386718660774,-0.9429113668319727
4,C->D,1787379630.0229719,20.28076739300741,231.5,-2.9879974746842004,1.8713225452961515,-0.9487419763412327
4,C->D,1787379630.0971534,20.35494854999706,231.5,-2.979670268579085,1.8596224168171065,-0.9573970175682847
4,C->D,1787379630.2294858,20.48728153196862,231.6,-2.97151292501279,1.8478790840623678,-0.9718243399888118
4,C->D,1787379630.2425718,20.500366666994523,231.6,-2.963527484814753,1.8360480119484572,-0.9825565143228671
4,C->D,1787379630.3160517,20.57384694699431,231.6,-2.9556278905622637,1.8241417906126725,-0.9873221891923084
4,C->D,1787379630.3915303,20.649325684003998,231.7,-2.947754914257261,1.8121763406570102,-0.990507805144169
4,C->D,1787379630.530997,20.788793365994934,231.8,-2.939909407628295,1.8001624697034646,-0.9946994734671164
4,C->D,1787379630.6689124,20.926708850020077,231.9,-2.932114474658211,1.7880880117820552,-1.001703192175234
4,C->D,1787379630.7459476,21.00374351197388,232.0,-2.924480474218094,1.7759980565371374,-1.0152217874409721
4,C->D,1787379630.8844461,21.142241434019525,232.1,-2.917011947419281,1.7638348443125431,-1.025185941199012
4,C->D,1787379630.8993545,21.15714972297428,232.1,-2.9096271822079336,1.7516121828639284,-1.0288941679698735
4,C->D,1787379630.9728546,21.230649671982974,232.2,-2.9022608839682604,1.7393468381883375,-1.0308882139430045
4,C->D,1787379630.986486,21.244280887010973,232.2,-2.8938132043279223,1.7252071355963634,-1.0334296934058356
4,C->D,1787379631.1234877,21.38128264300758,232.3,-2.8842075455982155,1.708977082652153,-1.038862944559004
4,C->D,1787379631.2613215,21.51911640400067,232.4,-2.874684118783561,1.6926696317197822,-1.0452933222538445
4,C->D,1787379631.398056,21.65585075301351,232.5,-2.8652372392550816,1.676181469734821,-1.0580821160860343
4,C->D,1787379631.5380661,21.795861585007515,232.6,-2.8559951468726807,1.659521786835192,-1.07144391900477
4,C->D,1787379631.6758103,21.933605552010704,232.7,-2.846946890492943,1.6427841186790333,-1.077756232970242
4,C->D,1787379631.6887968,21.94659121200675,232.7,-2.8379543137155463,1.62597879776055,-1.079647057995425
4,C->D,1787379631.7008126,21.958607123990078,232.8,-2.8289744853861305,1.609132016022776,-1.0810934016794127
4,C->D,1787379631.7110345,21.968829287972767,232.8,-2.8200161921853555,1.59224482387665,-1.0839899959518577
4,C->D,1787379631.7204695,21.978264055971522,232.8,-2.8111359321628298,1.575312117257124,-1.0935891551027324
4,C->D,1787379631.8569283,22.114723993989173,232.8,-2.802471326651407,1.558357349307534,-1.1032007777055313
4,C->D,1787379631.9954085,22.253204174980056,232.9,-2.793942725741677,1.5413933813988163,-1.1043686432933049
4,C->D,1787379632.07276,22.33055489999242,233.1,-2.7853580255663943,1.5244074281705795,-1.0996776461282922
4,C->D,1787379632.2092707,22.467066502023954,233.1,-2.7766725247280566,1.5074299470575598,-1.0952110619759625
4,C->D,1787379632.28657,22.544365109992214,233.2,-2.76790426302034,1.490442181761548,-1.0934967356016705
4,C->D,1787379632.424322,22.68211707600858,233.3,-2.759193959977344,1.4734993527071587,-1.0987577857144777
4,C->D,1787379632.437528,22.695322626968846,233.3,-2.750571647340174,1.4565467249507993,-1.1001849351553499
4,C->D,1787379632.5109987,22.768794352014083,233.3,-2.7419205745880446,1.439640901480292,-1.0916877726722192
4,C->D,1787379632.5892954,22.84709080698667,233.4,-2.733324970988888,1.4232235273010048,-1.0818094373206584
4,C->D,1787379632.7272308,22.985026579990517,233.5,-2.7258032381551014,1.409178237147024,-1.0749075650313535
4,C->D,1787379632.8635445,23.121340007986873,233.6,-2.7183502528763195,1.395499219439478,-1.06742854865194
4,C->D,1787379632.9394498,23.197245015006047,233.7,-2.7107859963812286,1.3818467222133908,-1.0614647469671845
4,C->D,1787379632.9517128,23.20950748299947,233.7,-2.7031912343911806,1.368238329365162,-1.0613369944749347
4,C->D,1787379633.0277753,23.28557039698353,233.8,-2.6955935660541885,1.3546685987944145,-1.0567439329537904
4,C->D,1787379633.1057968,23.36359231401002,233.8,-2.68788555747031,1.3411501174566456,-1.0451252920305016
4,C->D,1787379633.181968,23.43976263102377,233.9,-2.6805396894869116,1.3286389189145902,-1.031522512476566
4,C->D,1787379633.3227713,23.58056646201294,234.0,-2.673244867628512,1.3165867156519397,-1.019643369149829
4,C->D,1787379633.460944,23.718739065981936,234.1,-2.6659596624476136,1.3047849800758344,-1.0148142870585788
4,C->D,1787379633.476407,23.734202063991688,234.2,-2.6586304299205454,1.2930425404438215,-1.008249102456569
4,C->D,1787379633.6153471,23.873142967000604,234.2,-2.6512033097999907,1.2813926080659306,-0.9936902575201966
4,C->D,1787379633.7536514,24.01144714897964,234.3,-2.6435364185329098,1.2697581860296951,-0.9788001756945085
4,C->D,1787379633.829825,24.087619984988123,234.4,-2.6356910762942944,1.2582112733636257,-0.9658050791380653
4,C->D,1787379633.8430564,24.1008512150147,234.4,-2.6284068048225486,1.2477385457788988,-0.9597264112979548
4,C->D,1787379633.9160755,24.173870811995585,234.4,-2.6213792768296775,1.237734619417263,-0.9551895807764338
4,C->D,1787379634.0530345,24.310829664987978,234.5,-2.6142503819167024,1.2277280339136416,-0.94459498347027
4,C->D,1787379634.1303225,24.388117484981194,234.6,-2.6068182786189857,1.2175659359991202,-0.9302054308907314
4,C->D,1787379634.2070887,24.464883747976273,234.7,-2.599223894750719,1.2074942791466095,-0.9156912211737008
4,C->D,1787379634.2214375,24.47923230798915,234.7,-2.591476813156304,1.1975116328352358,-0.9027976164039384
4,C->D,1787379634.3584626,24.61625743401237,234.8,-2.583822570973996,1.187873482751487,-0.895622167456273
4,C->D,1787379634.4334335,24.691228798998054,234.8,-2.576630381773908,1.1789277151977835,-0.8899110137325582
4,C->D,1787379634.50981,24.76760474499315,234.9,-2.56930198185819,1.1699504664900804,-0.8788763413500825
4,C->D,1787379634.6486359,24.906431676005013,235.0,-2.561831740685724,1.1610426494073118,-0.8641558406734117
4,C->D,1787379634.7860334,25.043829501024447,235.1,-2.55421566051317,1.1522266227549203,-0.850138527542897
4,C->D,1787379634.7966986,25.054493086005095,235.2,-2.546499371162153,1.1435410433670645,-0.8350821982603049
4,C->D,1787379634.8057272,25.063521827978548,235.2,-2.5386448141790328,1.1349470701519866,-0.8227923129587651
4,C->D,1787379634.9413903,25.199185835022945,235.2,-2.530916398522027,1.126697171937748,-0.8121286535315557
4,C->D,1787379635.0799525,25.337747509009205,235.3,-2.52328123279528,1.11866742682536,-0.8082976609351404
4,C->D,1787379635.093913,25.351707982015796,235.4,-2.5156247369527125,1.110688446227097,-0.8012539768470507
4,C->D,1787379635.2316961,25.48949106800137,235.5,-2.507905193056905,1.1027915599687235,-0.788998189563626
4,C->D,1787379635.3704073,25.628202509018593,235.6,-2.5000690903535387,1.0949883405258756,-0.7742934841209531
4,C->D,1787379635.3862953,25.64409086899832,235.7,-2.4919188519848405,1.0871057245872473,-0.7607247111070499
4,C->D,1787379635.522812,25.780607748019975,235.7,-2.48362466671821,1.0792809867443403,-0.7500653658236631
4,C->D,1787379635.6617165,25.919512193009723,235.8,-2.475505526067252,1.0717836368318665,-0.7384808504354246
4,C->D,1787379635.801026,26.058822338993195,235.9,-2.467293144878408,1.0643846006570818,-0.725671677145312
4,C->D,1787379635.9398878,26.19768462498905,236.0,-2.45898343303486,1.0570908377985444,-0.7127037810267998
4,C->D,1787379635.953142,26.210937162977643,236.1,-2.4505783996613406,1.049902482509502,-0.700116144531149
4,C->D,1787379635.9642518,26.22204627597239,236.1,-2.4402441769898147,1.0449333032395651,-0.6879528857846235
4,C->D,1787379635.9744215,26.23221664200537,236.1,-2.433024119607154,1.0355816589215963,-0.6764068179328756
4,C->D,1787379636.047668,26.305464820005,236.1,-2.423924715500527,1.0283149195654333,-0.6653895034378522
4,C->D,1787379636.0646205,26.322416249022353,236.2,-2.4147313314068652,1.0211576172722272,-0.6550521884844785
4,C->D,1787379636.2029023,26.460698756971397,236.3,-2.4054637938682295,1.014094841733724,-0.645340150264523
4,C->D,1787379636.3409336,26.598729311022907,236.4,-2.396128287776192,1.0071222465095766,-0.6362058857839371
4,C->D,1787379636.3552868,26.613081501971465,236.4,-2.3869552712274698,1.0003991933680267,-0.6278259873584807
4,C->D,1787379636.4912407,26.74903666699538,236.5,-2.3781730998591915,0.9940662279014855,-0.6226068940698053
4,C->D,1787379636.6294875,26.88728408300085,236.6,-2.3689591620515924,0.987496728502818,-0.6165793624353924
4,C->D,1787379636.7697868,27.027582447975874,236.7,-2.358681480596046,0.9802675140489724,-0.6085816740144335
4,C->D,1787379636.9079564,27.165752219967544,236.8,-2.3483266071649354,0.973104726490103,-0.6005517226543081
4,C->D,1787379637.0450962,27.302891156985424,236.9,-2.338006198392584,0.9660816806747855,-0.5925179965417854
4,C->D,1787379637.18333,27.441125402983744,237.0,-2.3278716980713607,0.9593101128082007,-0.5832452999787766
4,C->D,1787379637.3205802,27.578375666984357,237.1,-2.317649147939581,0.9526087340831005,-0.5752804505027864
4,C->D,1787379637.4577456,27.71554083400406,237.2,-2.307394431200942,0.9459990335218587,-0.5678720923178521
4,C->D,1787379637.596223,27.85401886701584,237.3,-2.297090791937779,0.939477844314361,-0.5585132008666652
4,C->D,1787379637.6652122,27.923007106990553,237.4,-2.2857574325459784,0.9324542905196977,-0.5483825690202839
4,C->D,1787379637.6813502,27.93914491002215,237.5,-2.273892050977261,0.9252735657340632,-0.5384210214962973
4,C->D,1787379637.6934187,27.951213690976147,237.5,-2.2620311012848506,0.918254857868383,-0.5272275195675645
4,C->D,1787379637.7036047,27.961399580002762,237.5,-2.2500003098532835,0.9113242846745018,-0.516682990332975
4,C->D,1787379637.7120705,27.969865027989727,237.5,-2.237977450989853,0.9045633495050002,-0.5043884690560265
4,C->D,1787379637.7202587,27.978053170023486,237.5,-2.2257080759628582,0.8979054419775934,-0.4862811259659699
4,C->D,1787379637.7271981,27.984992643003352,237.5,-2.212839969569223,0.8912138906214656,-0.4715493517821817
4,C->D,1787379637.7342155,27.992010137008037,237.5,-2.196791858366929,0.8831387387890538,-0.4585422920817991
4,C->D,1787379637.740581,27.998375569004565,237.5,-2.179683457606321,0.8748098869692861,-0.44513130510971716
4,C->D,1787379637.8771873,28.134982462972403,237.6,-2.1624668504613807,0.8667162402939866,-0.4314178924954998
4,C->D,1787379637.952359,28.21015397401061,237.6,-2.1451708572950907,0.8588575798024536,-0.4177000640407128
4,C->D,1787379638.0901244,28.347919517022092,237.8,-2.127746678653878,0.8512318016160725,-0.4047181040130617
4,C->D,1787379638.2273855,28.48518062598305,237.9,-2.1102344366060852,0.843873937505723,-0.38665627255421553
4,C->D,1787379638.3672848,28.62507986399578,238.0,-2.0925519276925146,0.8368029649227424,-0.3729849008880344
4,C->D,1787379638.4423482,28.70014320698101,238.1,-2.0747754153071396,0.8298937498843564,-0.3692938361567044
4,C->D,1787379638.5794702,28.837265288981143,238.1,-2.057002892075679,0.8230105101871945,-0.37092889507757126
4,C->D,1787379638.7171764,28.97497190197464,238.2,-2.039273120045978,0.8160997201692194,-0.37348278642325994
4,C->D,1787379638.8572366,29.115032993024215,238.3,-2.0215760287307285,0.8091576575458649,-0.37494491309075545
4,C->D,1787379638.995665,29.253460694977548,238.5,-2.0038669295880442,0.8021956763817734,-0.3751622308267531
4,C->D,1787379639.1328886,29.390685108024627,238.6,-1.9862137039603507,0.7952404764269707,-0.3751532006891406
4,C->D,1787379639.2712324,29.529027830983978,238.7,-1.9685147141407593,0.7882717415745778,-0.3758921803487386
4,C->D,1787379639.3476417,29.60543758101994,238.8,-1.950848992949765,0.7813435487520446,-0.3695670913373008
4,C->D,1787379639.3597918,29.617587189015467,238.8,-1.9330706017601258,0.7745167048283835,-0.3629839693377261
4,C->D,1787379639.3710556,29.62885046598967,238.8,-1.915237521774466,0.7677631191703623,-0.3622706102839983
4,C->D,1787379639.3812833,29.639077953004744,238.8,-1.8974332488789611,0.7609997919553189,-0.36500978499403264
4,C->D,1787379639.3899643,29.647758755018003,238.8,-1.8796650720239525,0.754189433710725,-0.367608404250552
4,C->D,1787379639.3981194,29.655914077011403,238.8,-1.8618956282169805,0.7473198962293949,-0.3714989070551756
4,C->D,1787379639.4048913,29.662685592018533,238.8,-1.8441578153248308,0.7404035828447567,-0.37336319389896583
4,C->D,1787379639.5403755,29.798170862020925,238.9,-1.8264768196682097,0.7334631834358151,-0.3746752408843502
4,C->D,1787379639.61554,29.87333510699682,239.0,-1.8087614128191019,0.7264889133292805,-0.37663670896369
4,C->D,1787379639.7537553,30.01155051396927,239.1,-1.791098652917132,0.7195391108371515,-0.3711760243206156
4,C->D,1787379639.8918514,30.149647033016663,239.2,-1.7733332136260196,0.7126736850686074,-0.36594425516743506
4,C->D,1787379640.0292978,30.287093202001415,239.3,-1.7555301043050426,0.7058574996704887,-0.36704873034465485
4,C->D,1787379640.1682725,30.426067462016363,239.4,-1.7377532732754597,0.6989894577489818,-0.37263800094038985
4,C->D,1787379640.2461746,30.50396942999214,239.5,-1.7200331902145107,0.6920257262648738,-0.37796932759110624
4,C->D,1787379640.2595212,30.517316223995294,239.5,-1.7023570429230128,0.6849810960934082,-0.38172799314745687
4,C->D,1787379640.2712755,30.529070173972286,239.5,-1.6846880077599613,0.6778793894745262,-0.3842563542347693
4,C->D,1787379640.407591,30.665386323991697,239.6,-1.6670725475957213,0.6707325707954244,-0.3867732526849613
4,C->D,1787379640.4819562,30.739751463988796,239.6,-1.6494388440493797,0.6635294712426587,-0.39013607950255996
4,C->D,1787379640.6187344,30.876529893022962,239.7,-1.6318644547990686,0.6563260458082877,-0.38652078798855766
4,C->D,1787379640.7560155,31.013810689968523,239.8,-1.6142097796681985,0.6491810766319422,-0.3829564460738942
4,C->D,1787379640.8961084,31.15390347200446,240.0,-1.5965258129361644,0.6420495464750376,-0.385320645505258
4,C->D,1787379640.9095714,31.167365983012132,240.0,-1.5788834138842451,0.634847686023137,-0.39213870723692823
4,C->D,1787379640.9212525,31.179047319979873,240.0,-1.5613124200341648,0.6275376962837591,-0.39858400223159524
4,C->D,1787379640.9944847,31.25227990798885,240.0,-1.5437764830992542,0.6201189834963697,-0.40392883144485847
4,C->D,1787379641.1327488,31.390544404974207,240.1,-1.5263036617766765,0.6126055867007282,-0.40881327584024457
4,C->D,1787379641.2716677,31.529463027021848,240.3,-1.5088360388666482,0.6050021799275956,-0.4140815405893271
4,C->D,1787379641.287371,31.54516582901124,240.3,-1.4914113012136516,0.5973350474623044,-0.4164973249940766
4,C->D,1787379641.361699,31.619494432001375,240.3,-1.4740061724631421,0.5895913149236834,-0.4223397508954912
4,C->D,1787379641.4991055,31.75690068898257,240.4,-1.4566756042040918,0.5818208508825707,-0.41930963797664633
4,C->D,1787379641.5751812,31.832976264005993,240.5,-1.4392635616777663,0.5741011277890279,-0.4156244917905697
4,C->D,1787379641.6512249,31.909020382969175,240.5,-1.4218163555803138,0.5663932916732878,-0.4181092794841372
4,C->D,1787379641.6655798,31.923374595004134,240.6,-1.4044174994317065,0.5586130289540665,-0.425118941627529
4,C->D,1787379641.8028715,32.06066680100048,240.7,-1.3871008185395541,0.5507251963765555,-0.43193313801749494
4,C->D,1787379641.8794863,32.13728158100275,240.7,-1.3698289639694146,0.5427264223158533,-0.4376522330587235
4,C->D,1787379642.0173788,32.27517421799712,240.8,-1.3526255414338042,0.5346293523701522,-0.44282000939812627
4,C->D,1787379642.1554844,32.41327942797216,240.9,-1.3354342515746764,0.5264369842151307,-0.4481167266102971
4,C->D,1787379642.293492,32.55128709500423,241.1,-1.3182835325523068,0.5181817954091266,-0.4505886691839288
4,C->D,1787379642.4319723,32.68976742599625,241.2,-1.3011525701621973,0.509853940053531,-0.45598844652019227
4,C->D,1787379642.568733,32.82652824698016,241.3,-1.284088786609014,0.5015028725602918,-0.45288846098230606
4,C->D,1787379642.708277,32.96607210097136,241.4,-1.2669475268233066,0.49320293291820544,-0.44873939320630596
4,C->D,1787379642.8463492,33.10414487100206,241.5,-1.2497635365250024,0.4849312899409432,-0.45000511270650334
4,C->D,1787379642.9857712,33.24356628599344,241.6,-1.232616342291592,0.47661281547028533,-0.4553063441216294
4,C->D,1787379642.9994936,33.25728845602134,241.7,-1.2155414950520962,0.4682152414741016,-0.4602924509224377
4,C->D,1787379643.011402,33.269196668989025,241.7,-1.1985008056486959,0.4597418256525732,-0.4640209073638764
4,C->D,1787379643.022814,33.2806089699734,241.7,-1.1815162720868495,0.45121414811535854,-0.4670090753091281
4,C->D,1787379643.031898,33.289692820981145,241.7,-1.1645283111279972,0.4426288252951561,-0.46996947479515555
4,C->D,1787379643.0403593,33.298153794021346,241.7,-1.1475645057053456,0.4340180328696245,-0.47003559005765927
4,C->D,1787379643.0478945,33.30568896501791,241.7,-1.1305978912436465,0.4253786261896219,-0.4726611826735897
4,C->D,1787379643.0548818,33.31267638201825,241.7,-1.11366621695509,0.41676143718901554,-0.46715536556658327
4,C->D,1787379643.0611203,33.318914801988285,241.7,-1.0966404989971292,0.4082391471536759,-0.4602895174248158
4,C->D,1787379643.134687,33.39248184202006,241.8,-1.079547712185458,0.3997893297512602,-0.4583802320166213
4,C->D,1787379643.2714097,33.52920472098049,241.9,-1.0624625430329488,0.39134876435533683,-0.460393143037772
4,C->D,1787379643.4074588,33.66525386401918,242.0,-1.0454212241771323,0.3828896836409943,-0.46204927099168347
4,C->D,1787379643.5433667,33.80116166098742,242.1,-1.0283857020786438,0.374409633512551,-0.462527105206671
4,C->D,1787379643.6807346,33.93853040999966,242.2,-1.0113841796648009,0.36592817232948227,-0.4623477049856923
4,C->D,1787379643.8188825,34.076678276003804,242.3,-0.9943532077520236,0.35744369094118955,-0.4623388573480665
4,C->D,1787379643.8983812,34.15617609897163,242.4,-0.9773230055462201,0.34898851000833553,-0.45960094434081944
4,C->D,1787379643.9729202,34.23071470297873,242.5,-0.9602653234903895,0.34054940776125886,-0.45959829627140647
4,C->D,1787379644.0485146,34.306309614970814,242.5,-0.9432212302825697,0.3321704034146864,-0.4516445057542092
4,C->D,1787379644.1863434,34.44413969601737,242.6,-0.9260594812429407,0.3239246205259816,-0.4426462715244588
4,C->D,1787379644.3251548,34.58295025897678,242.7,-0.908814249457344,0.31579292542294596,-0.4388768853009246
4,C->D,1787379644.4016387,34.65943336201599,242.8,-0.8915612487651896,0.30770090971362707,-0.43926108177197826
4,C->D,1787379644.413333,34.671127567009535,242.8,-0.874340499145187,0.2996111132827753,-0.43947159550506343
4,C->D,1787379644.4235907,34.68138533597812,242.8,-0.8571131875770388,0.29152320348963295,-0.4387331316310213
4,C->D,1787379644.495657,34.7534520389745,242.8,-0.8399146874421372,0.2834582281134969,-0.43759725802067195
4,C->D,1787379644.6333034,34.89109838299919,242.9,-0.8226763602230465,0.27540610481029393,-0.43682069962717335
4,C->D,1787379644.7683587,35.02615389798302,243.0,-0.8054387135809007,0.2673926841179801,-0.4335086654534344
4,C->D,1787379644.907452,35.16524773999117,243.1,-0.7881721628360507,0.25940408868326803,-0.4332809048408513
4,C->D,1787379645.0492265,35.30702169297729,243.3,-0.7709146300857586,0.2514811351256998,-0.42498649175749803
4,C->D,1787379645.0644581,35.322252954007126,243.3,-0.7535371106446719,0.24369839221861894,-0.4159441509905538
4,C->D,1787379645.0769749,35.33476995700039,243.3,-0.736272120435222,0.23610851382425396,-0.41249951479402
4,C->D,1787379645.089779,35.34757359401556,243.3,-0.7192150110629099,0.22864418237429934,-0.41341441035412557
4,C->D,1787379645.2242484,35.482043122989126,243.4,-0.7026395319285248,0.22137914468130826,-0.4127913377104653
4,C->D,1787379645.2987006,35.55649552599061,243.5,-0.6865138425402865,0.2143241405116833,-0.4118209565025692
4,C->D,1787379645.3106203,35.56841514300322,243.5,-0.6706163914438216,0.20737968858480638,-0.41231016925995034
4,C->D,1787379645.4486554,35.706450710014906,243.6,-0.6554574891158864,0.20076363367618177,-0.41117776302085973
4,C->D,1787379645.5866115,35.84440631401958,243.7,-0.6403737311423306,0.19419214437731974,-0.4093005365888042
4,C->D,1787379645.7238438,35.98163905896945,243.8,-0.6258115903291769,0.18792428320490942,-0.4022239076392655
4,C->D,1787379645.862398,36.120193240989465,243.9,-0.6116022428790446,0.18190863942139848,-0.3989144676140953
4,C->D,1787379646.0030096,36.260804910969455,244.0,-0.59769094135711,0.17604515986802108,-0.39906350362098064
4,C->D,1787379646.140776,36.39857156900689,244.2,-0.5840045891325398,0.17027350193727156,-0.39926856780088466
4,C->D,1787379646.1555152,36.41330995998578,244.2,-0.5706493439625806,0.1646412118896338,-0.39867148289461796
4,C->D,1787379646.1677382,36.42553291498916,244.2,-0.5576695297753882,0.15918133741314588,-0.3965825896988673
4,C->D,1787379646.1799896,36.43778435100103,244.2,-0.5450847739710256,0.15393954317653266,-0.39142743116525575
4,C->D,1787379646.19281,36.450604687968735,244.2,-0.5327590251552765,0.14887047586158417,-0.3896552091887369
4,C->D,1787379646.2035224,36.46131715900265,244.3,-0.5205871955198409,0.1438659377525724,-0.3920807911788676
4,C->D,1787379646.2739887,36.531784640974365,244.3,-0.508780127744774,0.13897902513719082,-0.3935163244730762
4,C->D,1787379646.4109237,36.668719150999095,244.4,-0.49729050623945814,0.1342105786662678,-0.39379430637977697
4,C->D,1787379646.5496716,36.807467389968224,244.5,-0.4858775706222382,0.12946676160629045,-0.39336279937379254
4,C->D,1787379646.6251972,36.882992766972166,244.5,-0.4750470386675483,0.12499992789254721,-0.38770284045165065
4,C->D,1787379646.7638469,37.02164197899401,244.6,-0.4643353587268173,0.12064317160303999,-0.3849057316786853
4,C->D,1787379646.9019358,37.15973121597199,244.7,-0.4538609890378577,0.11639641790327825,-0.3866758211967614
4,C->D,1787379647.0420742,37.29987066000467,244.9,-0.44346544064782045,0.11216490110118789,-0.3873767473342164
4,C->D,1787379647.0555367,37.31333143898519,244.9,-0.43332362446358297,0.10803446012080939,-0.3865017418572004
4,C->D,1787379647.0674255,37.32522042101482,244.9,-0.42355238421036767,0.10407383547598434,-0.381783071798205
4,C->D,1787379647.1405494,37.39834563998738,244.9,-0.41410136653211027,0.10030043862842752,-0.3771881786541257
4,C->D,1787379647.2872972,37.54509200202301,245.1,-0.40025083730486366,0.09481651776460702,-0.3788577336029794
4,C->D,1787379647.3679833,37.62577877601143,245.1,-0.3866526656852957,0.08939591285638143,-0.3789586565428229
4,C->D,1787379647.5735102,37.831305838015396,245.3,-0.3738728518071032,0.08432880244754377,-0.3775934800975512
4,C->D,1787379647.7188466,37.976641201996244,245.4,-0.36154046819105906,0.07943545376496361,-0.37784501432029804
4,C->D,1787379647.862729,38.12052424100693,245.5,-0.34961096977583345,0.07471169372012823,-0.3724124982832289
4,C->D,1787379648.0722353,38.330030529992655,245.7,-0.33807990149498934,0.07025964549087323,-0.36517060095411613
4,C->D,1787379648.278424,38.53621919098077,245.8,-0.32691326460359804,0.0659844511095655,-0.3665202733106223
4,C->D,1787379648.298124,38.55591883097077,245.9,-0.3160878206354604,0.06181790937406897,-0.3680860841854859
4,C->D,1787379648.3145187,38.57231352099916,245.9,-0.3055923091271748,0.05776771986204738,-0.3674000626572555
4,C->D,1787379648.4549727,38.71276816801401,246.0,-0.2957432980593231,0.05401922034212028,-0.3582340632191102
4,C->D,1787379648.6619844,38.91977992898319,246.1,-0.2860640926681315,0.05040462475717879,-0.35842773397231886
4,C->D,1787379648.938344,39.196139039006084,246.4,-0.27360968831466864,0.04573264464308801,-0.3593617881178514
4,C->D,1787379649.2177107,39.47550646698801,246.6,-0.2616735696697152,0.04125299132519629,-0.3547770029835731
4,C->D,1787379649.3080363,39.565831214014906,246.7,-0.25048913144203533,0.03717072055528322,-0.3465552713026538
4,C->D,1787379649.3290017,39.58679635700537,246.7,-0.23985307087801763,0.033322924392070984,-0.3492627590122732
4,C->D,1787379649.345141,39.602935519011226,246.7,-0.22974962230937931,0.029638333879961412,-0.34993211334344626
4,C->D,1787379649.487232,39.745027462020516,246.8,-0.22003250297865903,0.02610068092703662,-0.34414394764145734
4,C->D,1787379649.7695205,40.0273154739989,247.1,-0.2085250072246841,0.022051498666258385,-0.3361613710237297
4,C->D,1787379650.0493176,40.30711257096846,247.3,-0.19718025012013005,0.018078275747302534,-0.3368066449998234
5,D->B,1787379655.3760104,0.07218713202746585,251.5,-0.13234420021033058,-0.002374234265800558,0.023084483682879277
5,D->B,1787379657.430188,2.1263641170226038,253.2,-0.11783554084263573,-0.0017362344279467019,0.04373772154949406
5,D->B,1787379657.5672379,2.2634141099988483,253.3,-0.10730879444770611,-0.0012518830490124097,0.051123244784339765
5,D->B,1787379657.7068424,2.4030196300009266,253.4,-0.09542820656326634,-0.0005689546656589588,0.07066224898146747
5,D->B,1787379657.8463871,2.5425645009963773,253.5,-0.08359682382865996,0.00037250119654874545,0.09431139077669173
5,D->B,1787379657.9856431,2.6818194719962776,253.6,-0.0716438463732894,0.0016157503925997858,0.11876281257902158
5,D->B,1787379658.1229918,2.819168364047073,253.7,-0.05965010737551238,0.0031615837665359124,0.1439904189789889
5,D->B,1787379658.2607586,2.9569348780205473,253.8,-0.04751390280284062,0.005048368823647799,0.1715178073459706
5,D->B,1787379658.398016,3.094192525022663,253.9,-0.035038585753649466,0.007354037798520316,0.20006355746678545
5,D->B,1787379658.4669104,3.1630867330241017,254.0,-0.022484840519739428,0.010034622272757759,0.22604597260156892
5,D->B,1787379658.5364964,3.232672722020652,254.0,-0.009679914702776108,0.013111118053704246,0.2510527460422423
5,D->B,1787379658.676864,3.373040545033291,254.1,0.009909960307074054,0.018479785142117705,0.2886660636967979
5,D->B,1787379658.745328,3.4415040080202743,254.2,0.023125505607648613,0.022551892507551383,0.31328859518593105
5,D->B,1787379658.8835156,3.5796923660091124,254.3,0.043204340874998505,0.029422476859849032,0.3494211129693786
5,D->B,1787379658.8946998,3.5908756669959985,254.4,0.056953518981181395,0.03455327659065179,0.36842600793575386
5,D->B,1787379658.904536,3.600711861043237,254.4,0.0707383604005717,0.04001173114427967,0.39072195516400393
5,D->B,1787379658.9135954,3.609771241026465,254.4,0.08465404033108383,0.0459125229736278,0.4159039422397974
5,D->B,1787379658.9215112,3.6176868330221623,254.4,0.09866155873715633,0.052274972938338715,0.4408013943574122
5,D->B,1787379658.9287138,3.6248893230222166,254.4,0.11295229020599243,0.05919406548579977,0.46434750691188503
5,D->B,1787379658.935393,3.6315686370362528,254.4,0.12762245473769657,0.06670656370069826,0.486574305382235
5,D->B,1787379658.9418342,3.638009946036618,254.4,0.1425809565293498,0.07482028710076433,0.5121691580092853
5,D->B,1787379658.9475932,3.643768837035168,254.4,0.15778186018997892,0.08355081271664225,0.5331089934935107
5,D->B,1787379659.0164242,3.712600842001848,254.4,0.17332892042030854,0.09289718361246607,0.5528630816376905
5,D->B,1787379659.0303276,3.7265037650358863,254.5,0.18934249825220112,0.1029822020790613,0.5753930523229631
5,D->B,1787379659.1671846,3.863361840019934,254.5,0.205174323582497,0.11348234233650271,0.6001464775037109
5,D->B,1787379659.3085482,4.004724792030174,254.7,0.2206544970831092,0.12431017151653315,0.6240465830477188
5,D->B,1787379659.446159,4.142334929027129,254.8,0.23597473562282406,0.13556475636190593,0.6466566070787757
5,D->B,1787379659.5839605,4.280136818008032,254.9,0.25104463653259257,0.1471602723693041,0.6683749223494136
5,D->B,1787379659.7244835,4.42066068702843,255.0,0.2658723221551372,0.15907513093081813,0.6882778489916513
5,D->B,1787379659.8008657,4.497041843016632,255.1,0.2804708352985304,0.17127276199158314,0.7063886938437336
5,D->B,1787379659.9385252,4.63470185600454,255.2,0.2948593998546546,0.18372339555302075,0.7224777797987928
5,D->B,1787379660.0147076,4.710884509026073,255.2,0.30905942234177697,0.19639364306595242,0.7363716241308144
5,D->B,1787379660.0280883,4.724264792050235,255.3,0.323093464012396,0.20924934038125706,0.7483144123399543
5,D->B,1787379660.103829,4.800005952012725,255.3,0.33698425959092104,0.22226077620623466,0.7584075067205105
5,D->B,1787379660.1785674,4.874744121043477,255.4,0.350754708432055,0.23540522051526985,0.7668222622400075
5,D->B,1787379660.3181026,5.014279943017755,255.5,0.36442744457083165,0.2486598787166585,0.7736440435613717
5,D->B,1787379660.4579756,5.15415286202915,255.6,0.37802093832781264,0.2620026531199472,0.7790131774445018
5,D->B,1787379660.534876,5.231052316026762,255.7,0.39155198277580894,0.27541279249264156,0.7830943443187788
5,D->B,1787379660.5480635,5.2442393689998426,255.7,0.40503278953824223,0.288870404104507,0.7861618606345047
5,D->B,1787379660.559917,5.256092955998611,255.7,0.4184777686891201,0.3023633173843025,0.7881388680907147
5,D->B,1787379660.6973722,5.3935496030026115,255.8,0.43190251567075455,0.3158749557564089,0.7889297696664425
5,D->B,1787379660.8397355,5.535911762039177,255.9,0.445321863664018,0.329391308501158,0.788679006262746
5,D->B,1787379660.977682,5.673858624009881,256.0,0.4587502452435081,0.34289806985324944,0.7873491980477239
5,D->B,1787379660.9917202,5.687896320014261,256.1,0.472202334390259,0.35637969333500047,0.7848781766885516
5,D->B,1787379661.004207,5.700382801005617,256.1,0.4856924903581621,0.3698226925636806,0.781585901510967
5,D->B,1787379661.0152326,5.711408441013191,256.1,0.49881674858567465,0.38281051889783635,0.7777519170959241
5,D->B,1787379661.1523476,5.848524126049597,256.2,0.5094436155135219,0.39327779226750204,0.7786588176909041
5,D->B,1787379661.290136,5.98631229903549,256.3,0.5196011484961031,0.40331780611172396,0.7803921448188739
5,D->B,1787379661.304144,6.00031970400596,256.3,0.5297745874336784,0.41337852909301426,0.7780955382112815
5,D->B,1787379661.4415355,6.13771193503635,256.4,0.5399810522801722,0.4233989701582492,0.7729859374520459
5,D->B,1787379661.5186706,6.214846417016815,256.5,0.5502435410861003,0.433356795839517,0.7662627586662338
5,D->B,1787379661.5294378,6.225613400049042,256.5,0.5605737722375052,0.44323906047378797,0.7587552307682585
5,D->B,1787379661.665964,6.3621401700074784,256.6,0.5709783987795498,0.45303974685829146,0.7508386962944511
5,D->B,1787379661.805879,6.502055936027318,256.7,0.5814602720555468,0.4627556725456467,0.7427313806344287
5,D->B,1787379661.9431515,6.639327612007037,256.8,0.592020135593336,0.4723849635016335,0.7345771833202371
5,D->B,1787379662.019508,6.715685272007249,256.9,0.6026577253364329,0.4819271517442547,0.7263593821948315
5,D->B,1787379662.03214,6.728316437045578,256.9,0.6133728803852303,0.49138115952723593,0.7181554583238913
5,D->B,1787379662.0429428,6.739118537050672,256.9,0.6241645479110488,0.5007464898401064,0.7100099306746335
5,D->B,1787379662.1800358,6.876213116047438,257.0,0.6350314675390263,0.5100235790208433,0.7020302145737246
5,D->B,1787379662.3184512,7.014628898003139,257.1,0.6459725572501244,0.519214342491358,0.6940769582444998
5,D->B,1787379662.455329,7.151506344031077,257.2,0.6569859964907624,0.5283180863590439,0.6862014192327461
5,D->B,1787379662.59128,7.28745688602794,257.3,0.6680714393851267,0.5373354486096644,0.6783751034291544
5,D->B,1787379662.7291298,7.425306370016187,257.4,0.6792272165745697,0.5462656564143633,0.6705872274200427
5,D->B,1787379662.8693862,7.565563331998419,257.5,0.6904511821265855,0.5551090951859315,0.662957974445816
5,D->B,1787379663.0067587,7.702934824046679,257.6,0.7017412450988233,0.5638667408290265,0.6554539227488455
5,D->B,1787379663.1450715,7.841247923031915,257.7,0.7130953174919947,0.5725393798921711,0.6480765249331606
5,D->B,1787379663.2826455,7.9788223710493185,257.9,0.7245124306695722,0.5811278615644425,0.6407784779055905
5,D->B,1787379663.4201963,8.116372645017691,258.0,0.7359923068972161,0.5896327369692321,0.6335140767511885
5,D->B,1787379663.4341054,8.130281957041007,258.0,0.747534106751538,0.5980551149281159,0.6263547851872523
5,D->B,1787379663.4450805,8.141256347007584,258.0,0.7591373603105919,0.6063961086866637,0.6192118037789699
5,D->B,1787379663.4578922,8.154068881005514,258.0,0.7708008465967676,0.6146546454075258,0.6120727606396557
5,D->B,1787379663.470925,8.167101113009267,258.1,0.7825226517486448,0.6228295895620142,0.6049645013036409
5,D->B,1787379663.4820464,8.17822270601755,258.1,0.7943013777295714,0.6309202401742154,0.5978738455208096
5,D->B,1787379663.492296,8.188472123001702,258.1,0.80613564786929,0.6389264044670725,0.5908375111382862
5,D->B,1787379663.50146,8.197636045049876,258.1,0.8180247387014508,0.6468483344358849,0.5838007556097937
5,D->B,1787379663.5093498,8.205526181031018,258.1,0.829968337759912,0.65468608284861,0.5768457377105716
5,D->B,1787379663.5167289,8.212904393032659,258.1,0.8419488525382729,0.6624374859942119,0.5718433459223163
5,D->B,1787379663.6515243,8.34770100103924,258.2,0.8539894802127533,0.6701525019866593,0.5669026534392594
5,D->B,1787379663.7901947,8.486371066013817,258.3,0.8660726833291714,0.6777833106982084,0.5584022990869493
5,D->B,1787379663.9306157,8.62679296504939,258.4,0.878216184218609,0.6853086883245071,0.5502605988749846
5,D->B,1787379664.0681283,8.76430540799629,258.5,0.8904327290635281,0.6927277906497759,0.5399113365793025
5,D->B,1787379664.143157,8.83933305501705,258.5,0.9027089689008699,0.7000208506882377,0.5313940477510781
5,D->B,1787379664.2859635,8.982140498002991,258.6,0.9150790308408429,0.7072259123102895,0.5212735373276788
5,D->B,1787379664.3642616,9.060438397049438,258.8,0.9274996550160178,0.7142843616027833,0.5113764970631582
5,D->B,1787379664.438869,9.135045326023828,258.8,0.9399983291171925,0.7212357484473662,0.5029449206719965
5,D->B,1787379664.5147862,9.21096319303615,258.9,0.9525753018385129,0.7280694042773068,0.49093913792874305
5,D->B,1787379664.651977,9.348154339997564,258.9,0.9652003853505106,0.7347517335043385,0.4820548635774411
5,D->B,1787379664.7280602,9.424237123050261,259.0,0.9779304578942477,0.741339990445757,0.4701757383702885
5,D->B,1787379664.803207,9.499384174006991,259.0,0.9907372724160812,0.7477225187112361,0.45150447339528654
5,D->B,1787379664.8174343,9.513610468013212,259.1,1.003636656472099,0.7538680468589752,0.43630843555317245
5,D->B,1787379664.9536276,9.64980449603172,259.2,1.0165978937186946,0.7598397895716047,0.42652726430185994
5,D->B,1787379665.091487,9.787663385039195,259.3,1.0296345829912503,0.7657095205098385,0.418527754986411
5,D->B,1787379665.23204,9.928216260042973,259.4,1.0427308573594758,0.7714781666134327,0.4098398714290477
5,D->B,1787379665.311405,10.007581405050587,259.5,1.055859194484254,0.7771237267599191,0.40193896277192936
5,D->B,1787379665.3249912,10.021167102036998,259.5,1.06904827423531,0.7826641061367832,0.3921547443843472
5,D->B,1787379665.3369207,10.03309691301547,259.5,1.0823271918454624,0.7880936847612078,0.3817987173904255
5,D->B,1787379665.4725616,10.168738666048739,259.6,1.095597309915984,0.7933563507439444,0.372636432886116
5,D->B,1787379665.6112704,10.307446905004326,259.7,1.1090029884156194,0.7985327715212795,0.36134934353953263
5,D->B,1787379665.6245143,10.320690092048608,259.7,1.1223001369931098,0.8034442838220158,0.34308650438458477
5,D->B,1787379665.760755,10.456931119028013,259.8,1.13579183034936,0.8081626965967957,0.3281765898493619
5,D->B,1787379665.8362079,10.53238390001934,259.9,1.1493114630417134,0.8127012715315439,0.3189579396780232
5,D->B,1787379665.976125,10.672302516002674,260.0,1.1628756305557661,0.8171270563496446,0.311089736123316
5,D->B,1787379666.1136305,10.80980778101366,260.1,1.1764649243579026,0.8214512422793282,0.3034549748271773
5,D->B,1787379666.127531,10.82370750803966,260.1,1.1900977977121223,0.8256708376038953,0.2962786019396319
5,D->B,1787379666.1387584,10.83493491599802,260.1,1.2037673264239421,0.8297832069172175,0.2868577084829993
5,D->B,1787379666.2755098,10.971686767996289,260.2,1.2174642403239935,0.8337776894556299,0.27993849304669
5,D->B,1787379666.3516986,11.047875267046038,260.3,1.2312049363973525,0.837660382396907,0.2693290668617508
5,D->B,1787379666.3638651,11.06004158599535,260.3,1.2449761352450268,0.8414107592222035,0.26164746876366785
5,D->B,1787379666.5005255,11.196702989051118,260.4,1.258635365077744,0.8449777074277012,0.24491172168196665
5,D->B,1787379666.5768902,11.273067389032803,260.4,1.2724150311887583,0.8483158791611446,0.227540630134081
5,D->B,1787379666.7152555,11.411432393011637,260.6,1.286341113491346,0.8514671251215487,0.2164003461358568
5,D->B,1787379666.792431,11.488607970997691,260.7,1.2997720500594607,0.8543785487180735,0.20951091171052608
5,D->B,1787379666.9293044,11.62548146804329,260.7,1.3112920792978455,0.8567974824372031,0.20417161007722404
5,D->B,1787379667.075042,11.771218408015557,260.9,1.3228137553739037,0.859162824015642,0.2005692095737828
5,D->B,1787379667.2160494,11.9122265400365,261.0,1.3342865347898922,0.8614656239286472,0.19359178295709276
5,D->B,1787379667.2919676,11.988144489994738,261.1,1.345763076305552,0.8636860961595257,0.18808667027009732
5,D->B,1787379667.3051906,12.001367189048324,261.1,1.3571492566593004,0.8658270407521468,0.18174240760194557
5,D->B,1787379667.316937,12.01311296102358,261.1,1.3686549217831223,0.8679110930886518,0.17604631020973424
5,D->B,1787379667.3269348,12.023110588022973,261.1,1.3801016299744229,0.8699252520958699,0.17178981681987102
5,D->B,1787379667.3365824,12.032758810033556,261.1,1.3915600267504833,0.8718726888361447,0.16355232337832606
5,D->B,1787379667.344802,12.040978002012707,261.1,1.4030944449912381,0.8737491298685219,0.1584970299043513
5,D->B,1787379667.4806194,12.176796189043671,261.2,1.4144782971182401,0.8755356391031185,0.15003705822235222
5,D->B,1787379667.6198676,12.316045368032064,261.3,1.425899182757865,0.8771971265983882,0.13537819152709563
5,D->B,1787379667.7570782,12.453256004024297,261.4,1.4374485167960522,0.8787172296277269,0.12488404058039641
5,D->B,1787379667.8344998,12.530676152033266,261.5,1.4495883634545432,0.8802066227676861,0.11876219031971752
5,D->B,1787379667.9090075,12.605184283049311,261.5,1.4646457372476862,0.8819717689475559,0.11336917295729197
5,D->B,1787379668.0494268,12.745603910996579,261.7,1.4801215847798976,0.8836897158873508,0.10641753981548224
5,D->B,1787379668.1885738,12.88475076603936,261.8,1.495630435468376,0.8853076752276224,0.10043815340005051
5,D->B,1787379668.2031472,12.899323287012521,261.8,1.5111518251711293,0.886836737216717,0.09489958813137837
5,D->B,1787379668.2141266,12.91030241502449,261.8,1.5266840617270823,0.8882817428119992,0.08950731953843455
5,D->B,1787379668.350898,13.047074760019314,261.9,1.5422252190796764,0.8896441287755087,0.08414291194203838
5,D->B,1787379668.4887216,13.184897767030634,262.0,1.5577727468672364,0.8909224587254151,0.07876851310219264
5,D->B,1787379668.5651338,13.261310242000036,262.1,1.5733256753132616,0.8921170865125141,0.07337096796422486
5,D->B,1787379668.577187,13.273363551008515,262.1,1.588883202297943,0.8932276779213331,0.06790699591286745
5,D->B,1787379668.6504815,13.346658285998274,262.1,1.6044461890463988,0.8942519000288243,0.06244811999264609
5,D->B,1787379668.7881103,13.484287209052127,262.2,1.620015988284401,0.8951920461149873,0.05697207378930078
5,D->B,1787379668.9248962,13.621072895010002,262.4,1.6355916560222301,0.8960475242084754,0.05146121499569001
5,D->B,1787379669.065068,13.761245242028963,262.5,1.6511712980949114,0.8968169916698081,0.045932586145442905
5,D->B,1787379669.2031772,13.899353446031455,262.6,1.6667538661956867,0.8975005812899539,0.04033467423970313
5,D->B,1787379669.3415644,14.037742525048088,262.7,1.6823386445697182,0.8980960245824803,0.03470262299049837
5,D->B,1787379669.4800909,14.176267722039483,262.8,1.6979272467231468,0.8986019926751581,0.029046204760031537
5,D->B,1787379669.5559053,14.252081860031467,262.9,1.7135208622829963,0.8990221455488553,0.02338429092048141
5,D->B,1787379669.567525,14.263701329997275,262.9,1.7291193873031214,0.8993532084570531,0.01778365065268649
5,D->B,1787379669.5790813,14.275257950008381,262.9,1.7447210574731946,0.8995984656108292,0.012212640565957505
5,D->B,1787379669.5892775,14.285453782009427,262.9,1.7603214480139366,0.8997563638150612,0.006674157969868075
5,D->B,1787379669.5981665,14.294342748995405,262.9,1.7759171959263649,0.8998278299721373,0.0010860163623579399
5,D->B,1787379669.6068008,14.302976667997427,263.0,1.7915112132776239,0.8998108566640166,-0.004491704238551801
5,D->B,1787379669.6769483,14.373124820005614,263.0,1.8071058580787474,0.899709066087546,-0.010047646232966011
5,D->B,1787379669.7533379,14.449514581006952,263.1,1.8227013209478509,0.8995226648358402,-0.015515648469874256
5,D->B,1787379669.889697,14.585874162032269,263.1,1.8382976210956932,0.8992467109711755,-0.020887079903583444
5,D->B,1787379670.027324,14.723500826046802,263.2,1.8538920456445176,0.8988893570319849,-0.026260486949590447
5,D->B,1787379670.166432,14.862609303032514,263.3,1.8694814287003858,0.8984497948409836,-0.03154963101992026
5,D->B,1787379670.305771,15.001948131015524,263.4,1.885065778696866,0.8979286352119391,-0.03679301997472456
5,D->B,1787379670.444215,15.140391807013657,263.6,1.9006455730400398,0.8973254391265645,-0.04192732404403853
5,D->B,1787379670.520353,15.21652893704595,263.7,1.916224584462753,0.8966420284524904,-0.0470192167586522
5,D->B,1787379670.5325482,15.228724536020309,263.7,1.9318020310052237,0.8958788007236398,-0.0520645884780435
5,D->B,1787379670.5426269,15.23880306002684,263.7,1.9473765859063472,0.8950393281848796,-0.05697409204803322
5,D->B,1787379670.5519056,15.248081669036765,263.7,1.9629450826845412,0.8941227158648164,-0.06179924244904333
5,D->B,1787379670.687402,15.383578620036133,263.7,1.9785061601390939,0.8931337593444781,-0.06649935618091472
5,D->B,1787379670.8245666,15.52074280200759,263.8,1.9940608890027645,0.8920718937510084,-0.07106387307651281
5,D->B,1787379670.9623802,15.658557352027856,264.0,2.0096110862338046,0.8909397560654868,-0.0754832086151995
5,D->B,1787379671.1024704,15.798646833049133,264.1,2.0251589052026944,0.8897416805206779,-0.07976332076038331
5,D->B,1787379671.2402072,15.936383401043713,264.2,2.0407034733415625,0.8884735374110576,-0.08391001078088887
5,D->B,1787379671.3794212,16.075597443035804,264.3,2.0562436535321638,0.8871445348538843,-0.08792445554382886
5,D->B,1787379671.516614,16.212790282035712,264.4,2.071777755613844,0.885754306682126,-0.09178528574695777
5,D->B,1787379671.6535456,16.349723809049465,264.5,2.087303078093827,0.8843028350745836,-0.09542696847697778
5,D->B,1787379671.730451,16.426628025015816,264.6,2.102823008291077,0.8827977016517481,-0.0989014630937983
5,D->B,1787379671.7438867,16.440062667999882,264.6,2.1183372915281997,0.8812416779877627,-0.10225828481061773
5,D->B,1787379671.7552752,16.45145161903929,264.6,2.133846915827134,0.8796312105952947,-0.10539737698324586
5,D->B,1787379671.7652824,16.461458161997143,264.6,2.1493516824223886,0.8779763150859083,-0.10833247442932888
5,D->B,1787379671.7742844,16.470459996024147,264.6,2.164851324143565,0.8762731385298261,-0.11105134320213306
5,D->B,1787379671.7824667,16.47864262002986,264.7,2.1803444753002466,0.8745322825654942,-0.11353163789436471
5,D->B,1787379671.853663,16.54983993904898,264.7,2.1958326413625695,0.8727542791972686,-0.11578935295312306
5,D->B,1787379671.9321268,16.628302988014184,264.8,2.2113169828994534,0.8709411393542573,-0.11783469394908917
5,D->B,1787379672.070244,16.766421494015958,264.8,2.226799383248597,0.869099795622398,-0.11965247187087819
5,D->B,1787379672.2106607,16.90683729603188,265.0,2.2422803973245347,0.8672305722956779,-0.12130219497749034
5,D->B,1787379672.3483567,17.044533346022945,265.1,2.257726142286171,0.8653318144424289,-0.12533748075561107
5,D->B,1787379672.3620243,17.058200833038427,265.1,2.2731852864650155,0.8633553061474952,-0.12968027359426942
5,D->B,1787379672.435497,17.131673521013,265.1,2.288644500863695,0.8613416664301972,-0.12929525096116382
5,D->B,1787379672.510559,17.206734983017668,265.2,2.304101665008855,0.8593343853358429,-0.1288749590069303
5,D->B,1787379672.6508393,17.34701600804692,265.3,2.3195525572111535,0.8573522209519909,-0.12570368162009982
5,D->B,1787379672.7846162,17.480792433023453,265.4,2.3350222204152957,0.8554067312985887,-0.12416905202547207
5,D->B,1787379672.9220915,17.618267550016753,265.5,2.3504932209796596,0.8534826942077874,-0.12330681009618492
5,D->B,1787379672.9983897,17.69456566905137,265.6,2.3659263753195443,0.8515857429299571,-0.1197041061256244
5,D->B,1787379673.010678,17.706854324031156,265.6,2.381408970708725,0.8497465070449021,-0.11578522950651425
5,D->B,1787379673.022433,17.71860902500339,265.6,2.396899304332583,0.8479642314987464,-0.1134003186223333
5,D->B,1787379673.0992267,17.79540265002288,265.7,2.4129075568287477,0.84616262181447,-0.11107053867318226
5,D->B,1787379673.2370384,17.933214624994434,265.8,2.431582611140323,0.8441253142958419,-0.1023398156943772
5,D->B,1787379673.3754327,18.07160920399474,265.9,2.45053223627664,0.8422370801068322,-0.09486085239203572
5,D->B,1787379673.4523702,18.14854614500655,266.0,2.4694954990584828,0.8404762253150929,-0.08942173957731155
5,D->B,1787379673.5884147,18.284591248026118,266.0,2.4884730421848285,0.8388082098677595,-0.08466588772842684
5,D->B,1787379673.6052754,18.301451364997774,266.1,2.5074743575910503,0.8372630550131793,-0.08007436876419258
5,D->B,1787379673.6192424,18.315418472047895,266.1,2.5265498735993392,0.835780025829738,-0.07161431568973364
5,D->B,1787379673.7562497,18.452425841009244,266.2,2.5458731449446117,0.8344664850506661,-0.05777749474376517
5,D->B,1787379673.8952963,18.59147269499954,266.3,2.564941359306255,0.833439336978126,-0.046676364444145
5,D->B,1787379674.0326874,18.728863861004356,266.4,2.5839689972166764,0.8326215354938545,-0.03800371573446086
5,D->B,1787379674.1711721,18.867348409025,266.5,2.6029872092566735,0.8319616503526869,-0.030098883589786723
5,D->B,1787379674.185518,18.881693895033095,266.6,2.621997602212172,0.8314325573525887,-0.022088562669254436
5,D->B,1787379674.1973302,18.89350588101661,266.6,2.6410044658203766,0.8310963670407632,-0.013675059114421113
5,D->B,1787379674.2093728,18.905548884999007,266.6,2.6600109705614177,0.8308892937787339,-0.004602477789443712
5,D->B,1787379674.2842808,18.980457556026522,266.6,2.679014999752897,0.830856311108848,0.005254899775214287
5,D->B,1787379674.421721,19.117897788994014,266.7,2.6980032831509484,0.8310487266727116,0.01577989122848416
5,D->B,1787379674.4981604,19.194336345011834,266.8,2.7169860039503715,0.8314239805733307,0.027138922928391984
5,D->B,1787379674.5729547,19.26913092302857,266.8,2.7359666757253382,0.8320122734834496,0.03927867290336914
5,D->B,1787379674.710616,19.40679232100956,266.9,2.754937905294859,0.8328478738921886,0.052143508886734594
5,D->B,1787379674.8481505,19.544326758012176,267.0,2.7738985650760766,0.8339442035875353,0.06579527033395573
5,D->B,1787379674.986958,19.68313440104248,267.2,2.79285095046287,0.8352864792013999,0.08025660123023513
5,D->B,1787379675.0007935,19.696969485026784,267.2,2.811780631926203,0.836914116631639,0.09552763281193992
5,D->B,1787379675.0127695,19.70894566201605,267.2,2.830683278796634,0.8388474299273166,0.11149916971599744
5,D->B,1787379675.08565,19.78182650404051,267.2,2.8495539091716666,0.8410730495637475,0.12833345965323875
5,D->B,1787379675.1644406,19.860616635007318,267.3,2.8683803332531674,0.843626978256213,0.1460467255178433
5,D->B,1787379675.3009093,19.99708536302205,267.4,2.887152977489083,0.8465246238743657,0.16460564081620926
5,D->B,1787379675.4364316,20.132607858045958,267.5,2.906057629967313,0.8498067700867522,0.1826925654502338
5,D->B,1787379675.5734763,20.269652593997307,267.6,2.924268041254686,0.8532998838832546,0.2013243964669629
5,D->B,1787379675.710933,20.40710975503316,267.7,2.9397946953919263,0.8565746120188895,0.21771135617412593
5,D->B,1787379675.7890458,20.48522186803166,267.9,2.954951344844262,0.8600308341405042,0.23479027070607472
5,D->B,1787379675.801218,20.497393989004195,267.9,2.9700365697002735,0.8637454438770568,0.25136085608914277
5,D->B,1787379675.8124695,20.508645449008327,267.9,2.9850647335904457,0.8677111245062422,0.2688343254814777
5,D->B,1787379675.8218157,20.517991553002503,267.9,3.000043891604096,0.8719579225365863,0.28791892320322476
5,D->B,1787379675.8944438,20.590619846014306,267.9,3.0149587725029035,0.8764785885542158,0.3042564872606196
5,D->B,1787379675.9737372,20.669913327030372,268.0,3.029775333814496,0.8812514621537922,0.3230716383076286
5,D->B,1787379676.1105819,20.806757935031783,268.1,3.044516775807235,0.8862868436906013,0.33860485382782385
5,D->B,1787379676.24822,20.94439619104378,268.2,3.059128953006011,0.8915575519809691,0.3580702495266702
5,D->B,1787379676.2616155,20.957791601016652,268.2,3.073700330447841,0.8971322286070426,0.3743950506670773
5,D->B,1787379676.3977678,21.09394475701265,268.3,3.0881727986384755,0.9028816061226569,0.38352702853820775
5,D->B,1787379676.535211,21.231387243024074,268.4,3.1024886797955196,0.9087404470291439,0.3971680689369304
5,D->B,1787379676.673231,21.36940757604316,268.5,3.1155774178604405,0.9143421675973982,0.4158435967046765
5,D->B,1787379676.7496357,21.445811968995258,268.6,3.1281832655551853,0.9200381535575382,0.43672313372275356
5,D->B,1787379676.7625277,21.458703824027907,268.6,3.1407510822557256,0.9260314668588204,0.45736499034146805
5,D->B,1787379676.7742233,21.470399374025874,268.6,3.153261117178134,0.9323237827213945,0.47769463496385833
5,D->B,1787379676.9120631,21.608239816036075,268.7,3.165709874011882,0.9389011809558131,0.4982250970270459
5,D->B,1787379677.0470278,21.743204250000417,268.8,3.1782712900680177,0.9458605502997465,0.5170766814382879
5,D->B,1787379677.185063,21.881239484995604,268.9,3.190626925143834,0.9530306526322692,0.5385870534943727
5,D->B,1787379677.3260753,22.02225186402211,269.0,3.2025725819938025,0.9603171836276999,0.560860521662529
5,D->B,1787379677.33999,22.03616586100543,269.1,3.213294754786954,0.9671525913731553,0.5755037034021419
5,D->B,1787379677.3509169,22.04709287401056,269.1,3.22416703672348,0.9742872532673457,0.5880247905762469
5,D->B,1787379677.361197,22.05737285601208,269.1,3.235059443602317,0.981652400898433,0.6043776291011045
5,D->B,1787379677.4966497,22.192826083046384,269.2,3.2458210781303287,0.9892095392999344,0.623494552957178
5,D->B,1787379677.634339,22.330515446024947,269.3,3.256435403586795,0.99697982797063,0.6436838800704302
5,D->B,1787379677.7710984,22.467275250004604,269.4,3.267037542545107,1.0050781766657266,0.664061608966343
5,D->B,1787379677.8459094,22.542085076041985,269.5,3.277955305295678,1.0137719442373265,0.6839810224016564
5,D->B,1787379677.8561852,22.55236092704581,269.5,3.287890542597745,1.022006819517782,0.7033106007614978
5,D->B,1787379677.8655198,22.561695584037807,269.5,3.297357751067009,1.030161429631729,0.7215074976344475
5,D->B,1787379678.001145,22.697321367042605,269.6,3.306677110053494,1.0384840169325404,0.7390942128489936
5,D->B,1787379678.141275,22.837451611005235,269.7,3.3164009094056675,1.0474783099349556,0.7561978780383316
5,D->B,1787379678.2820096,22.978187101020012,269.8,3.3261697901918885,1.0568302548530073,0.7737761490013345
5,D->B,1787379678.4208694,23.11704629700398,269.9,3.3355652932409945,1.0661425410134127,0.7910168179105984
5,D->B,1787379678.4971638,23.193339758028742,270.0,3.344097067381936,1.0748981422729453,0.808216955942818
5,D->B,1787379678.5095255,23.205701403028797,270.0,3.3524802225509367,1.0837910515119116,0.8237048590747382
5,D->B,1787379678.5206864,23.216862189001404,270.0,3.361132353830114,1.093275066305495,0.842208501562945
5,D->B,1787379678.5929062,23.28908237500582,270.0,3.369756500936423,1.1030879363763444,0.8598576995145633
5,D->B,1787379678.730156,23.426332129049115,270.1,3.3780938419479503,1.1129280231032452,0.8790637782969928
5,D->B,1787379678.8687155,23.56489193602465,270.2,3.3860169246683003,1.1226605636656364,0.8987767807712977
5,D->B,1787379679.005305,23.701481718046125,270.4,3.3937690929394333,1.1325539295093534,0.9176338622746857
5,D->B,1787379679.142821,23.838997518003453,270.5,3.4013179193764596,1.1425752584543516,0.9349715029840945
5,D->B,1787379679.2824936,23.97866987204179,270.6,3.4086429774930522,1.152694898411223,0.9591604159614832
5,D->B,1787379679.4228175,24.118994147051126,270.7,3.4157007502281496,1.1629879013446447,0.9845540098654497
5,D->B,1787379679.5620828,24.258259119000286,270.8,3.4225462221909018,1.1734894916970218,1.003967696232027
5,D->B,1787379679.7001665,24.396342927007936,270.9,3.429182323761821,1.1840601713613934,1.0192120037771792
5,D->B,1787379679.84004,24.536216627049726,271.0,3.4356381761210613,1.1946986094592873,1.0349115488813712
5,D->B,1787379679.978442,24.674618365999777,271.1,3.444879257175445,1.2106639790640885,1.0612043508300064
5,D->B,1787379680.1186001,24.814776523038745,271.2,3.453584702535376,1.2268318060129748,1.0988646848247001
5,D->B,1787379680.1872644,24.88344122003764,271.3,3.459091735089675,1.2378733851557726,1.1212348584744434
5,D->B,1787379680.2565854,24.952761757012922,271.4,3.464400778800571,1.2490725990753258,1.1379256093593706
5,D->B,1787379680.3962681,25.092444182024337,271.5,3.472025091351493,1.2660126729783427,1.1611014566595335
5,D->B,1787379680.4646795,25.160856180998962,271.5,3.4768459041548607,1.2773406849364486,1.1790612749694525
5,D->B,1787379680.602962,25.29913805203978,271.6,3.483615105723274,1.2944707594755869,1.2169677273336494
5,D->B,1787379680.7403648,25.436541342001874,271.7,3.489817746651158,1.3120491588393237,1.2482717953758826
5,D->B,1787379680.7544038,25.45057980105048,271.8,3.4937083942624905,1.3239522511879203,1.2645001652985866
5,D->B,1787379680.765329,25.46150460402714,271.8,3.4973993899508398,1.3359004236082674,1.2814194168496895
5,D->B,1787379680.775459,25.471634879009798,271.8,3.5008722002047445,1.3478894349741184,1.300501601878079
5,D->B,1787379680.7853448,25.4815206710482,271.8,3.504103509800601,1.3599773693557846,1.325811623507935
5,D->B,1787379680.7935824,25.489757995994296,271.8,3.5070663887426714,1.372341457740512,1.3510402020294625
5,D->B,1787379680.8014917,25.497667431016453,271.8,3.5097656738787024,1.3848667551139637,1.3694631176487755
5,D->B,1787379680.8083937,25.504569431010168,271.9,3.5122669874810852,1.397587918514622,1.3879118101924375
5,D->B,1787379680.8150766,25.511252320022322,271.9,3.5145393924927637,1.4104175079224006,1.4074881062996196
5,D->B,1787379680.8214557,25.51763124804711,271.9,3.5165599551599587,1.4232454351461674,1.428139877336482
5,D->B,1787379680.88939,25.585567046015058,271.9,3.5183064373360717,1.4363217985450938,1.4549055644855626
5,D->B,1787379681.0273676,25.72354447300313,272.0,3.5197294525067235,1.4496156065350199,1.478769719423341
5,D->B,1787379681.1670575,25.863234714022838,272.1,3.5208725164573167,1.4631494450789995,1.4987046161488489
5,D->B,1787379681.3047426,26.000919459038414,272.2,3.521769774776929,1.476922906519455,1.517302311623114
5,D->B,1787379681.4445994,26.14077602501493,272.3,3.5224217099962725,1.4909240959000456,1.5359865694945416
5,D->B,1787379681.5216746,26.217850996996276,272.4,3.5228132649673487,1.5050758166420475,1.555343098784023
5,D->B,1787379681.59603,26.292206368001644,272.4,3.5229272498897664,1.5194393633728804,1.5756192835204832
5,D->B,1787379681.7345607,26.430737693037372,272.5,3.5227429454221437,1.5339293083645023,1.5969344862407708
5,D->B,1787379681.8725474,26.56872352102073,272.6,3.5222350460031713,1.5486277618467077,1.6193741580964405
5,D->B,1787379682.010652,26.706828343041707,272.7,3.5213671692861293,1.5637252425847623,1.6430266303895527
5,D->B,1787379682.1509328,26.8471100780298,272.8,3.5201597748701796,1.578539047084405,1.6679872713024753
5,D->B,1787379682.1659505,26.86212672101101,272.9,3.5185180668449823,1.5937855729760995,1.693802273520734
5,D->B,1787379682.181118,26.87729384400882,272.9,3.5163471619716575,1.6100502070810683,1.7197876433304566
5,D->B,1787379682.2537858,26.949962173006497,272.9,3.51365080034819,1.626821153469256,1.7464010756548596
5,D->B,1787379682.2700462,26.966222126036882,273.0,3.510344911248992,1.6444059651290304,1.7722829129293955
5,D->B,1787379682.4068093,27.10298565204721,273.1,3.5064858359607487,1.6623502840686204,1.8000686141722055
5,D->B,1787379682.4817803,27.177956685016397,273.1,3.50202050294341,1.6806759257591035,1.8255630831322451
5,D->B,1787379682.618722,27.314898398006335,273.2,3.49710552203667,1.6989039610685233,1.848467213436275
5,D->B,1787379682.6947055,27.390881811035797,273.3,3.4917782441831426,1.717109937217439,1.865287935465895
5,D->B,1787379682.7695718,27.465748240996618,273.3,3.4861568907306,1.7352571718672496,1.8813098929610717
5,D->B,1787379682.9064522,27.602628460037522,273.4,3.4802095171660943,1.7533048626586225,1.9017928299183853
5,D->B,1787379682.9829955,27.679171283030882,273.6,3.473874455515549,1.7712513775573955,1.9226110623380566
5,D->B,1787379683.0570095,27.75318561802851,273.6,3.467165986694388,1.7890981962668187,1.941355213833234
5,D->B,1787379683.0705333,27.76670922304038,273.6,3.46013085222841,1.8068578175188879,1.956913001196795
5,D->B,1787379683.2095752,27.905751519021578,273.7,3.45283667096911,1.8245527367890935,1.9678896924582454
5,D->B,1787379683.3465576,28.042734668008052,273.8,3.445451746181744,1.8420865782049172,1.9732173727620694
5,D->B,1787379683.4852965,28.1814726870507,273.9,3.4380110931908363,1.8595862098867753,1.9709425002300691
5,D->B,1787379683.625436,28.32161362405168,274.0,3.430807100326736,1.8768432957574364,1.9605198786541442
5,D->B,1787379683.7632127,28.45938913000282,274.1,3.423938628716735,1.8939033988155705,1.9444697482787825
5,D->B,1787379683.9006505,28.596827988047153,274.2,3.417351842325657,1.9112258905827897,1.9180052258695302
5,D->B,1787379683.913844,28.610021147003863,274.3,3.4111596130268613,1.928983260820674,1.8906594243233072
5,D->B,1787379683.9244342,28.62061053502839,274.3,3.4053351727593157,1.9470939071137738,1.8715073576574215
5,D->B,1787379683.9338796,28.630055250017904,274.3,3.399795686294552,1.9653374489545226,1.8572533531973145
5,D->B,1787379683.9427404,28.638916350028012,274.3,3.3945068111011185,1.9836891006557544,1.8424512140293483
5,D->B,1787379684.019297,28.715472916024737,274.4,3.3894965547821805,2.00215399978977,1.8249515965718228
5,D->B,1787379684.0953457,28.791522782994434,274.4,3.3848721247776403,2.0206646051142387,1.801756221856248
5,D->B,1787379684.2318738,28.928051455004606,274.5,3.3806651972488244,2.0392513405237453,1.78205835800122
5,D->B,1787379684.3692248,29.06540122302249,274.6,3.376779096338618,2.0578928394589417,1.7692283058499763
5,D->B,1787379684.44528,29.141456224024296,274.7,3.3731171163126015,2.0766181778111537,1.7567227437547717
5,D->B,1787379684.5814,29.277576217020396,274.8,3.369697493661293,2.0953769448279496,1.7434242914769054
5,D->B,1787379684.719314,29.41549190704245,274.9,3.3665112002341577,2.1142153803652395,1.729391720973275
5,D->B,1787379684.8584812,29.55465732101584,275.0,3.363646121881837,2.133069971713299,1.7096566672822775
5,D->B,1787379684.9973032,29.69347977201687,275.1,3.361135201627032,2.1519560560744915,1.6937667304401143
5,D->B,1787379685.134918,29.831094176042825,275.2,3.358886591952757,2.1708581688214568,1.683072748035273
5,D->B,1787379685.2140138,29.910189545014873,275.3,3.3568157648233496,2.1897864114821233,1.6753156432129737
5,D->B,1787379685.2255154,29.92169124801876,275.3,3.3548804483345873,2.2087397648944154,1.6686237657150969
5,D->B,1787379685.2362473,29.93242317304248,275.3,3.3530844236518367,2.2277130873062543,1.6600776017024568
5,D->B,1787379685.2458198,29.94199581700377,275.3,3.3514405587381018,2.246682124075914,1.6531665546163032
5,D->B,1787379685.2546437,29.950819621037226,275.3,3.3499207869551983,2.265668045156374,1.6470509623480345
5,D->B,1787379685.262814,29.958989810023922,275.4,3.3485122226613577,2.2846650120366054,1.6415428739874878
5,D->B,1787379685.333239,30.029415532015264,275.4,3.3472070806206533,2.3036660435134704,1.6362420929808263
5,D->B,1787379685.4709737,30.16715016303351,275.5,3.346001175671059,2.322667123814818,1.6311408695060021
5,D->B,1787379685.6087015,30.30487771501066,275.6,3.3448905057580816,2.3416724783063123,1.626173054369397
5,D->B,1787379685.685869,30.382045397011098,275.6,3.3438731716936307,2.360685920341998,1.6212834377574967
5,D->B,1787379685.8247504,30.520927485020366,275.7,3.3429485343246568,2.3797082941775876,1.6164571176544786
5,D->B,1787379685.9628193,30.658995753037743,275.8,3.3421149754477204,2.3987355392436163,1.6117520771865779
5,D->B,1787379685.9759746,30.672150491038337,275.9,3.341369896829337,2.4177643199775223,1.6072267443212775
5,D->B,1787379686.0493336,30.745510396023747,275.9,3.3407091171561043,2.436795540970043,1.6028412168940545
5,D->B,1787379686.1846073,30.88078350899741,276.0,3.340130940680066,2.4558320329776357,1.59846283295913
5,D->B,1787379686.265934,30.962110154039692,276.1,3.3396358436718927,2.474872949858746,1.594128909197559
5,D->B,1787379686.341397,31.037574033020064,276.1,3.3392229312630666,2.4939158106700416,1.5899269177784123
5,D->B,1787379686.4807525,31.176928888016846,276.3,3.3388899701517016,2.512958178977995,1.5857764828579934
5,D->B,1787379686.6179326,31.314110255043488,276.4,3.338635023005811,2.5319987742106975,1.581699523252515
5,D->B,1787379686.7553906,31.45156684401445,276.5,3.3384563026588605,2.5510395809265924,1.5777058431014073
5,D->B,1787379686.7687945,31.464971303998027,276.5,3.3383534873941176,2.570082090668607,1.57367823537468
5,D->B,1787379686.781181,31.477357066003606,276.5,3.3383275978135334,2.589125574418852,1.5697179855131635
5,D->B,1787379686.7922914,31.488467351009604,276.6,3.338377002165064,2.6081700649486415,1.565822090133171
5,D->B,1787379686.8018072,31.497982811008114,276.6,3.338500269583179,2.627215297982678,1.5619727506428709
5,D->B,1787379686.9371412,31.633317608037032,276.6,3.338695543422111,2.646261513703312,1.5581557570149573
5,D->B,1787379687.0746381,31.770815060997847,276.7,3.3389630864260353,2.665307413290821,1.55433666350852
5,D->B,1787379687.2120051,31.908181383041665,276.8,3.339303563518272,2.684351412597582,1.5505136601324598
5,D->B,1787379687.3516552,32.047831231029704,277.0,3.3397171043984817,2.703392915463466,1.546740628711849
5,D->B,1787379687.4274516,32.12362775002839,277.1,3.340202209342663,2.7224323301128805,1.543044541045726
5,D->B,1787379687.4413226,32.137498468044214,277.1,3.3407567413212003,2.741470430989041,1.5393937161744138
5,D->B,1787379687.5778036,32.27398016501684,277.1,3.3413797885316443,2.7605061335948458,1.5357691505914859
5,D->B,1787379687.7156172,32.41179372405168,277.2,3.3420714710465256,2.779537602344395,1.5321421827534816
5,D->B,1787379687.8556092,32.551785371033475,277.4,3.3428324895149735,2.798564961776143,1.5285707770382513
5,D->B,1787379687.99292,32.68909615004668,277.5,3.3436611439283133,2.8175908924273756,1.5251181525687298
5,D->B,1787379688.0059826,32.70215855300194,277.5,3.34455487926288,2.8366176860438634,1.5217542785798623
5,D->B,1787379688.0170522,32.713228067033924,277.5,3.3455115748958857,2.8556442132669844,1.518436534611509
5,D->B,1787379688.0278258,32.72400183399441,277.5,3.346530966380379,2.8746666231418656,1.5150628276106455
5,D->B,1787379688.037722,32.73389776900876,277.6,3.3476143300876395,2.8936813740761504,1.5117652301747593
5,D->B,1787379688.1091464,32.805323106003925,277.6,3.3487602437251893,2.9126912912088088,1.5085550723610701
5,D->B,1787379688.2466788,32.94285560003482,277.7,3.3499667873881775,2.931699098964634,1.5054415307079225
5,D->B,1787379688.386083,33.08225964399753,277.8,3.35123120705373,2.950705627095536,1.5024484331468124
5,D->B,1787379688.5229208,33.21909724804573,277.9,3.352551428364824,2.9697074237006267,1.499514307410873
5,D->B,1787379688.5378137,33.23398973699659,278.0,3.353926636432226,2.9887015051186645,1.4966130723178863
5,D->B,1787379688.6741252,33.370301866030786,278.0,3.3553572925041375,3.0076891659450675,1.4937282104728675
5,D->B,1787379688.812734,33.50891005503945,278.1,3.3568426432109715,3.026674857790358,1.4909485114906051
5,D->B,1787379688.826525,33.522700688045006,278.2,3.3583802509549656,3.0456621884391324,1.4882500212056802
5,D->B,1787379688.838611,33.534786941017956,278.2,3.3599859476671696,3.064681400965586,1.4817782693784736
5,D->B,1787379688.9116411,33.60781760804821,278.2,3.3617359474913355,3.0836277752481087,1.4742738971242975
5,D->B,1787379689.0490253,33.74520137801301,278.3,3.363581756141026,3.102568715182645,1.4726080842308116
5,D->B,1787379689.1865807,33.88275721605169,278.4,3.365449401818503,3.1214999467445055,1.473191628239582
5,D->B,1787379689.2626274,33.95880349201616,278.5,3.36729805921273,3.1404603650254765,1.4737209099018465
5,D->B,1787379689.4021192,34.09829580702353,278.6,3.3691493629430367,3.1594230332250106,1.4726202858973034
5,D->B,1787379689.479276,34.175452052033506,278.7,3.371011196297816,3.178348194908788,1.474119112511692
5,D->B,1787379689.4917133,34.187889318040106,278.7,3.3728338188259364,3.1973088038123025,1.4754851932743578
5,D->B,1787379689.5030677,34.19924335204996,278.7,3.3746480166962547,3.2162666565661575,1.4747079917698132
5,D->B,1787379689.638933,34.33510943601141,278.8,3.376481652280063,3.2352106760384363,1.473609979914099
5,D->B,1787379689.7764978,34.472674432036,278.9,3.378281762260077,3.254127253178747,1.4809800195786804
5,D->B,1787379689.9140966,34.61027279502014,279.0,3.3799306518943997,3.2730918966708153,1.488129748302606
5,D->B,1787379689.99144,34.687616320035886,279.1,3.381483249110383,3.2920816299863938,1.490020153131412
5,D->B,1787379690.0032582,34.69943413999863,279.1,3.3830225386869013,3.3110685072136317,1.489160630922298
5,D->B,1787379690.0141175,34.71029308100697,279.1,3.3845885641125055,3.330051577581232,1.4870055037031653
5,D->B,1787379690.1503863,34.84656267304672,279.2,3.386202414472116,3.34903414307994,1.4840076981211625
5,D->B,1787379690.2870824,34.983258773048874,279.3,3.3878769020063477,3.36801446150546,1.4804655584083473
5,D->B,1787379690.3654096,35.061585717019625,279.4,3.3896215783213983,3.386986917640634,1.4764518282835866
5,D->B,1787379690.3788123,35.07498855004087,279.4,3.3914448939774324,3.4059477105252047,1.472048666063671
5,D->B,1787379690.5155032,35.21167961001629,279.5,3.3933538999608395,3.4248914269579394,1.4673432412431984
5,D->B,1787379690.6551645,35.35134101600852,279.6,3.3953439556017373,3.4438272928918154,1.463613407193943
5,D->B,1787379690.669889,35.36606514500454,279.6,3.3974128556754857,3.462762288891113,1.4588341033349226
5,D->B,1787379690.8065195,35.502695906034205,279.7,3.39955929061939,3.4816823347219894,1.4556605249446577
5,D->B,1787379690.9443526,35.64052892802283,279.8,3.401782479349627,3.50061435130714,1.450314074587196
5,D->B,1787379691.0816483,35.77782582800137,279.9,3.404029984929262,3.518927035382192,1.446864681778625
5,D->B,1787379691.2193782,35.9155546160182,280.0,3.4059795060925153,3.534664765759227,1.4487346672694157
5,D->B,1787379691.3569787,36.05315499700373,280.1,3.4078784849527457,3.5501572742452274,1.447788573470406
5,D->B,1787379691.4942994,36.19047557504382,280.2,3.4098206160392586,3.5656528276449686,1.442347924863451
5,D->B,1787379691.5077655,36.20394141902216,280.3,3.4118594485121445,3.5811240027106,1.4348794909006992
5,D->B,1787379691.5189798,36.215155592013616,280.3,3.414002675417505,3.5965693013487923,1.4289406800499926
5,D->B,1787379691.5292594,36.22543535701698,280.3,3.416250364032641,3.612002796728497,1.4208743632376681
5,D->B,1787379691.5397172,36.23589301604079,280.3,3.4186056925897645,3.6274068817577962,1.415273079316607
5,D->B,1787379691.5481665,36.2443421970238,280.3,3.421066171199366,3.642807829395355,1.4068890192564034
5,D->B,1787379691.5560904,36.2522659850074,280.3,3.42363351979542,3.658180483987658,1.4018178126509941
5,D->B,1787379691.6923473,36.388523787027225,280.4,3.426300825092928,3.6735512400888055,1.3932763272376287
5,D->B,1787379691.8294165,36.52559317601845,280.5,3.429052779035698,3.6888532620475063,1.39316642347195
5,D->B,1787379691.9645243,36.66070117603522,280.6,3.431805027080837,3.7042043506152296,1.3926833170813961
5,D->B,1787379692.1025815,36.798757843032945,280.7,3.434602484723223,3.7195704106732137,1.3858340762860097
5,D->B,1787379692.2409918,36.937168657022994,280.8,3.4375311203827894,3.734896021636844,1.374537307879322
5,D->B,1787379692.2552814,36.951457477000076,280.9,3.4406272592202143,3.750156450053334,1.3632028933879614
5,D->B,1787379692.395242,37.09141869004816,281.0,3.443887392209459,3.765371049800826,1.3530162868001316
5,D->B,1787379692.5342157,37.23039278603392,281.1,3.447300686762819,3.7805779262529375,1.3436445984275343
5,D->B,1787379692.6108174,37.306993566046,281.2,3.4508544900223246,3.7956808961960555,1.333951050431476
5,D->B,1787379692.6236844,37.31986032001441,281.2,3.4544793644868617,3.8104640923837847,1.322958048988127
5,D->B,1787379692.635383,37.331558539008256,281.2,3.4579212491088023,3.8239216297290892,1.3148170348818025
5,D->B,1787379692.7077048,37.403881194011774,281.2,3.461487585514652,3.8373754959074096,1.3077388541952977
5,D->B,1787379692.783536,37.47971189604141,281.3,3.465157780982348,3.8510257881949794,1.3087276163402908
5,D->B,1787379692.9382625,37.6344390080194,281.4,3.4687781052286413,3.8644865841730542,1.304969273215604
5,D->B,1787379693.076091,37.772267546039075,281.5,3.472479934821429,3.8778904803871046,1.293577615870758
5,D->B,1787379693.2150402,37.91121736302739,281.6,3.476334312595159,3.8912122513848275,1.2806588578957936
5,D->B,1787379693.22943,37.92560601903824,281.7,3.4803486217068906,3.904457836012735,1.2685677877165418
5,D->B,1787379693.303902,38.000078690005466,281.7,3.4845043652066554,3.917622445518735,1.2581247883982707
5,D->B,1787379693.3189204,38.015096456045285,281.7,3.4888346894058353,3.9309255210471963,1.2532915657418162
5,D->B,1787379693.461203,38.157379832002334,281.8,3.493224293660117,3.9442427431029037,1.2497411585626967
5,D->B,1787379693.600848,38.29702422802802,281.9,3.497651474863581,3.957432548453437,1.2403376680479419
5,D->B,1787379693.7379026,38.43407928600209,282.0,3.5022438645489333,3.970611550702564,1.2269351260485677
5,D->B,1787379693.7545369,38.450712776044384,282.1,3.5070113282636575,3.983720187870431,1.214122476255627
5,D->B,1787379693.828498,38.52467453404097,282.1,3.5115217740663267,3.9956705218132944,1.2029253021672308
5,D->B,1787379693.9666932,38.66286945604952,282.2,3.515977341165155,4.00710795124422,1.1938611768113445
5,D->B,1787379694.1048412,38.80101796000963,282.3,3.520574468297406,4.018589037338631,1.1822147058815684
5,D->B,1787379694.1200674,38.816243261040654,282.4,3.52545746945824,4.030469665787041,1.1797997207169568
5,D->B,1787379694.1318886,38.82806462101871,282.4,3.5303476826580735,4.042348382217213,1.1796801439828861
5,D->B,1787379694.142708,38.83888370799832,282.4,3.5352057731813695,4.0540657984008615,1.1720749884723523
5,D->B,1787379694.2150626,38.91123912704643,282.4,3.5401742254103525,4.0657075865966865,1.1592907402755792
5,D->B,1787379694.292196,38.988372154009994,282.5,3.545451877731867,4.077641112162809,1.1466945824192796
5,D->B,1787379694.4281597,39.124336366017815,282.6,3.5509275846189055,4.089630212044914,1.1357075875696914
5,D->B,1787379694.567593,39.263769678014796,282.7,3.5565437684736234,4.1016052157335885,1.1275317933707678
5,D->B,1787379694.7067595,39.40293611702509,282.8,3.5618522320587727,4.112771911752933,1.1263077011839369
5,D->B,1787379694.7260823,39.42225866304943,282.8,3.567012016914505,4.123588309266913,1.1232097760022646
5,D->B,1787379694.8645947,39.560771790042054,282.9,3.572489241130059,4.1349141902192645,1.1136292655202127
5,D->B,1787379695.0027258,39.6989021510235,283.0,3.578114156287437,4.14620912106393,1.100534193482047
5,D->B,1787379695.1414778,39.83765438699629,283.1,3.5838669875193494,4.157422714345305,1.0895883154097665
5,D->B,1787379695.2807117,39.976888115052134,283.2,3.5901162911566247,4.169307651864326,1.0827260886637788
5,D->B,1787379695.2949662,39.99114212603308,283.3,3.5965571642203753,4.181333460260712,1.0715311681840751
5,D->B,1787379695.305925,40.002100936020724,283.3,3.6031301418504267,4.193296283728025,1.0625884905375385
5,D->B,1787379695.3167834,40.01295970904175,283.3,3.609719654788504,4.205095478285795,1.0605425439466367
5,D->B,1787379695.389242,40.085418459028006,283.3,3.615801177054234,4.215970628617418,1.0603321346682957
5,D->B,1787379695.5280094,40.224187001003884,283.4,3.6223081161965003,4.227549148447127,1.0546694099617773
5,D->B,1787379695.6654427,40.36162017902825,283.5,3.629067442679988,4.2393430561709815,1.0419455805273268
5,D->B,1787379695.742358,40.43853406299604,283.7,3.6359976033403414,4.251083557404994,1.030802042906416
5,D->B,1787379695.7587082,40.454886140010785,283.7,3.6430497068634775,4.262734803564882,1.0202277073030566
5,D->B,1787379695.77236,40.4685360120493,283.7,3.6507341851951796,4.2751448908024585,1.0110933510959323
5,D->B,1787379695.844574,40.5407513550017,283.7,3.6587305250406934,4.287795729949398,0.9996600007737781
5,D->B,1787379695.9820757,40.678252055018675,283.8,3.6668308329886363,4.30035234982936,0.9965280892200827
5,D->B,1787379696.119597,40.815773665031884,283.9,3.6744749361963076,4.312179185502479,0.9969366792549925
5,D->B,1787379696.2572823,40.953458763018716,284.0,3.6827071144832915,4.3248809364454095,0.9927464681659922
5,D->B,1787379696.3971932,41.0933695390122,284.1,3.6912442652427226,4.337857403920945,0.9815475830197931
5,D->B,1787379696.4120731,41.108249064011034,284.2,3.699943711196019,4.350759313259347,0.971293042653594
5,D->B,1787379696.4248836,41.1210596979945,284.2,3.7087799751952173,4.363577110112807,0.9612565275820038
5,D->B,1787379696.4357293,41.13190533302259,284.2,3.7180203219806023,4.3767084618057,0.9531298637214584
5,D->B,1787379696.575698,41.271874729020055,284.3,3.728753764797644,4.391785320746819,0.9505454417024483
5,D->B,1787379696.7142344,41.410410706012044,284.4,3.73985790998029,4.407286067258552,0.9457820307153813
5,D->B,1787379696.8538566,41.55003366700839,284.5,3.7510653035453356,4.422690196573233,0.9350676719775338
5,D->B,1787379696.9926453,41.6888222330017,284.6,3.762393014023581,4.437906797189787,0.9237332450694521
5,D->B,1787379697.1302502,41.82642709801439,284.7,3.7738970239963,4.45301334211063,0.913164961484061
5,D->B,1787379697.2695737,41.96575059200404,284.8,3.7855315107000456,4.4679358663482995,0.9029007797310024
5,D->B,1787379697.2830312,41.97920797200641,284.9,3.7973594957940326,4.482805689010818,0.8925349307949871
5,D->B,1787379697.2949517,41.99112817202695,284.9,3.8093096161462388,4.497591878375215,0.8898456002965185
5,D->B,1787379697.3060427,42.00221942004282,284.9,3.8213986136968283,4.512517438310187,0.8895133447450221
5,D->B,1787379697.3155003,42.011675894027576,284.9,3.8334362114391483,4.527316264257571,0.8843685448999175
5,D->B,1787379697.3908117,42.08698797004763,285.0,3.845574446247102,4.542018867779313,0.8744839023388049
5,D->B,1787379697.4662485,42.16242539399536,285.0,3.857831350212405,4.556574353055269,0.8649839865432394
5,D->B,1787379697.545862,42.242037681047805,285.1,3.8701865762755157,4.570981761335884,0.8572102805282039
5,D->B,1787379697.6829157,42.37909208901692,285.2,3.882649164066324,4.585309561763272,0.851124421159182
5,D->B,1787379697.8185697,42.51474617002532,285.3,3.8952186244307403,4.5995559756176725,0.8425509784274631
5,D->B,1787379697.8934653,42.58964121900499,285.4,3.907873103881032,4.613691905993326,0.8374953881103436
5,D->B,1787379698.0299578,42.7261342460406,285.4,3.9206306477177786,4.627769742562808,0.8300978224423964
5,D->B,1787379698.1675103,42.86368654301623,285.5,3.93341728699218,4.641751238336035,0.8308347365920286
5,D->B,1787379698.3052669,43.001443209010176,285.7,3.946302946628446,4.655897405468788,0.8330977646595222
5,D->B,1787379698.4432044,43.13938070402946,285.8,3.959147784025132,4.67001195683603,0.8304854845389056
5,D->B,1787379698.4564726,43.15264847903745,285.8,3.9720425945693045,4.684061549153046,0.8239042644815211
5,D->B,1787379698.4687436,43.164919541042764,285.8,3.9850369984966294,4.6980100080881355,0.816597849054524
5,D->B,1787379698.4796407,43.1758167220396,285.8,3.9981270654937404,4.711859751678621,0.8091809099253691
5,D->B,1787379698.4904785,43.186654509045184,285.9,4.01130277088698,4.725617727856853,0.803560620895282
5,D->B,1787379698.4987016,43.194877272006124,285.9,4.0245467081868735,4.7392921993325805,0.7990448588786998
5,D->B,1787379698.634657,43.33083394099958,285.9,4.037855574464317,4.752924124340164,0.79454297070796
5,D->B,1787379698.7725267,43.4687030010391,286.0,4.051224651759731,4.766481869278014,0.789240720285639
5,D->B,1787379698.9101837,43.60636005701963,286.1,4.064638215485025,4.77998341225242,0.7874389102725774
5,D->B,1787379699.0483153,43.744492377038114,286.2,4.0781019567081795,4.793463650171705,0.7836402286032226
5,D->B,1787379699.1866355,43.88281232700683,286.4,4.091623803712921,4.806887935231966,0.778876865176013
5,D->B,1787379699.3250463,44.02122276404407,286.5,4.10515279345589,4.820211353925639,0.7776931909942564
5,D->B,1787379699.4021575,44.09833355800947,286.6,4.118686563808325,4.83359379418261,0.7828347722550946
5,D->B,1787379699.4145415,44.11071749700932,286.6,4.132135338043151,4.847015291713649,0.7857639684829063
5,D->B,1787379699.4252055,44.121381308999844,286.6,4.145606559788044,4.8604959619746575,0.7849298098818028
5,D->B,1787379699.4345436,44.1307194220135,286.6,4.159098222880318,4.873946760417994,0.7820369860267721
5,D->B,1787379699.570924,44.26710063201608,286.7,4.172632261590347,4.8873502777647495,0.7782483739342592
5,D->B,1787379699.7084064,44.404582908027805,286.8,4.18617203053926,4.9006609280839415,0.7750701088512011
5,D->B,1787379699.8473167,44.543493509001564,286.9,4.199747532963373,4.91393094999266,0.7723842740202026
5,D->B,1787379699.9866943,44.68287079100264,287.0,4.213338174545002,4.9271636328989965,0.7714922992889657
5,D->B,1787379700.1256874,44.82186384103261,287.1,4.226999640419797,4.940433499363218,0.7697115743742065
5,D->B,1787379700.2035096,44.89968547702301,287.2,4.240563830756038,4.953569675811227,0.7695318015834642
5,D->B,1787379700.2155707,44.9117465520394,287.2,4.254244544718964,4.966829092345337,0.7696520531926857
5,D->B,1787379700.2263808,44.922556667006575,287.2,4.267930293212983,4.9800831531363,0.7687955098160156
5,D->B,1787379700.2364125,44.93258808902465,287.2,4.2813840555946685,4.993105273646463,0.7705988046803317
5,D->B,1787379700.3718555,45.06803217402194,287.3,4.294915759304601,5.006316333200387,0.7776275997435491
5,D->B,1787379700.5091782,45.2053543740185,287.4,4.308450557096144,5.019709999747511,0.7829458546695022
5,D->B,1787379700.6492693,45.34544663899578,287.5,4.321887516994744,5.033112515876331,0.7850593591875143
5,D->B,1787379700.788652,45.48482856800547,287.6,4.335280292696467,5.0465260987079095,0.7872894263695187
5,D->B,1787379700.9264722,45.62264871003572,287.7,4.348714287869663,5.060021597693511,0.7876841058229543
5,D->B,1787379701.0676582,45.763835559017025,287.8,4.3620801952835295,5.073447347000593,0.787442332626502
5,D->B,1787379701.2060518,45.902228282007854,287.9,4.375419137920889,5.086867252278105,0.7896545436059805
5,D->B,1787379701.2209804,45.91715638403548,288.0,4.3888250271698395,5.100401110031125,0.790472261759297
5,D->B,1787379701.2330496,45.92922540503787,288.0,4.402153805014953,5.113871553859138,0.7909652020825257
5,D->B,1787379701.2440455,45.940221552038565,288.0,4.415435641401481,5.127349085365544,0.794763789254525
5,D->B,1787379701.2540696,45.95024512702366,288.0,4.428673728020159,5.140868278262357,0.7973041860301336
5,D->B,1787379701.2621624,45.958338188007474,288.0,4.441801150923658,5.154399316567461,0.806045575634472
5,D->B,1787379701.270122,45.966297598031815,288.0,4.45491742036213,5.168186059505923,0.8157310800701814
5,D->B,1787379701.4063966,46.10257350100437,288.1,4.46793754370791,5.182094288758326,0.8210257429965404
5,D->B,1787379701.5420315,46.23820780700771,288.2,4.480845393707362,5.1960004082696924,0.8247354206450311
5,D->B,1787379701.6243658,46.32054204004817,288.3,4.4937527385134,5.209999857299269,0.8271209623566751
5,D->B,1787379701.758802,46.4549797270447,288.4,4.506570712287875,5.223963828473219,0.8305250617651189
5,D->B,1787379701.8970544,46.59323102701455,288.5,4.519407991590435,5.238102404416778,0.8368818880222822
5,D->B,1787379702.034886,46.73106231703423,288.6,4.53215034376193,5.2522714091649165,0.8398501828163667
5,D->B,1787379702.1724856,46.86866199801443,288.7,4.54491553220732,5.266548974399027,0.844044094845414
5,D->B,1787379702.3102703,47.006446759041864,288.8,4.557550165287128,5.280815750364794,0.8478781746434749
5,D->B,1787379702.4475718,47.14374799304642,288.9,4.570155686477766,5.295153915645237,0.8533580850905547
5,D->B,1787379702.4630253,47.15920170600293,289.0,4.582646384139237,5.309541951658979,0.8583557313999652
5,D->B,1787379702.4763625,47.17253863305086,289.0,4.594978370963924,5.323886090614241,0.8657777226913861
5,D->B,1787379702.491195,47.18737084203167,289.0,4.606810736374843,5.337971312130528,0.8813740299969317
5,D->B,1787379702.503173,47.19934904301772,289.0,4.618099976198897,5.3518251759522775,0.894262518756472
5,D->B,1787379702.513511,47.20968673704192,289.0,4.629082669480823,5.365594734322784,0.9007532939373856
5,D->B,1787379702.5225396,47.21871538303094,289.0,4.639691324567212,5.379026182920583,0.9037946456223719
5,D->B,1787379702.661056,47.357233182003256,289.1,4.649911842092545,5.392046721253933,0.9069021463850364
5,D->B,1787379702.8004153,47.49659173702821,289.2,4.659727263746037,5.4046471406230525,0.9122675794179373
5,D->B,1787379702.9373877,47.633563921030145,289.3,4.669298138923723,5.417071608614668,0.9175555101789622
5,D->B,1787379703.0759974,47.7721741090063,289.4,4.678776990558982,5.429494589545723,0.9204178119279811
5,D->B,1787379703.15145,47.847627123002894,289.5,4.687771073730492,5.4413737007667375,0.9247698218369454
5,D->B,1787379703.2275107,47.92368697503116,289.5,4.696642082712779,5.4531766264305475,0.9297897069822808
5,D->B,1787379703.3658977,48.06207424704917,289.7,4.705102425254805,5.4646265176717055,0.9415940458015151
5,D->B,1787379703.5028045,48.19898080202984,289.8,4.713280609156017,5.475953749457902,0.9495967111864877
5,D->B,1787379703.6381855,48.334361773042474,289.9,4.721165694088976,5.487007080263295,0.9530976831075032
5,D->B,1787379703.77903,48.47520630701911,290.0,4.728906821730828,5.497921697743574,0.9538006289909849
5,D->B,1787379703.8551328,48.551309012051206,290.1,4.736536762480992,5.508711472104539,0.9568660414956732
5,D->B,1787379703.8683867,48.56456290202914,290.1,4.743961118592781,5.51931715796244,0.9660448697935321
5,D->B,1787379703.8802063,48.576382263039704,290.1,4.751053262794754,5.529683928818889,0.9772224213731732
5,D->B,1787379703.9017746,48.59795040404424,290.1,4.757853614974048,5.539838669721982,0.9843780707339318
5,D->B,1787379703.9728162,48.66899305500556,290.1,4.764431823143825,5.5497657131691565,0.9865490695639328
5,D->B,1787379703.9881785,48.684354524011724,290.2,4.770747523861234,5.559322065822542,0.9874057900389246
5,D->B,1787379704.1238863,48.82006277004257,290.3,4.776945324197938,5.568723967130427,0.9889956031333053
5,D->B,1787379704.2624023,48.95857864699792,290.4,4.7830048643040355,5.577952711494841,0.992082520122012
5,D->B,1787379704.4009435,49.09711987100309,290.5,4.788865709232618,5.586965809065007,0.997512644453911
5,D->B,1787379704.538288,49.23446434602374,290.6,4.794614301638816,5.5959530642982225,1.0089194397626264
5,D->B,1787379704.675446,49.3716221920331,290.7,4.799962196837673,5.6045227845113565,1.0181462835905057
5,D->B,1787379704.7616754,49.45785113499733,290.8,4.807648003628275,5.617078950475094,1.0226537730332705
5,D->B,1787379704.7796862,49.47586206201231,290.8,4.815132148968656,5.629401120414996,1.0262212799959602
5,D->B,1787379704.8564065,49.552582997013815,290.8,4.822311489873681,5.641245404991289,1.0257970444821234
5,D->B,1787379705.062207,49.758383470994886,291.0,4.82928256529866,5.652809119367143,1.032211121532653
5,D->B,1787379705.1434686,49.83964443503646,291.1,4.835678473898577,5.663704833782668,1.0500699944545349
5,D->B,1787379705.2210672,49.91724472504575,291.1,4.841801707196367,5.674476760290515,1.0569853415095167
5,D->B,1787379705.429526,50.12570269301068,291.3,4.847717995764476,5.684964684448819,1.0553147299690067
5,D->B,1787379705.6383538,50.33453041902976,291.5,4.853359724242785,5.694964578880015,1.058431647876226
5,D->B,1787379705.8451142,50.54129003599519,291.6,4.858850003364181,5.7048411573506,1.070979159945598
5,D->B,1787379706.0505621,50.74673849204555,291.8,4.863926842455954,5.714279557864385,1.0752749394613084
5,D->B,1787379706.1977897,50.8939654850401,292.0,4.868700661078089,5.723076906122845,1.0772797232173081
5,D->B,1787379706.2158124,50.911988394043874,292.0,4.873403107568843,5.731912363935175,1.077413972230564
5,D->B,1787379706.236674,50.932849706034176,292.0,4.87922109594205,5.742775232507373,1.093042795731441
5,D->B,1787379706.2529533,50.94912910304265,292.0,4.8846190506983165,5.75337209977317,1.0943904589881295
5,D->B,1787379706.395023,51.0911996360519,292.1,4.889668388496809,5.7632388449416725,1.1007134680062585
5,D->B,1787379706.6712542,51.36743067903444,292.3,4.894603112314685,5.773057255236853,1.1081193061428416
5,D->B,1787379706.8863132,51.58248935703887,292.5,4.899028000657799,5.782069775164522,1.1145617945955617
5,D->B,1787379707.1043704,51.80054772703443,292.6,4.904260697806492,5.7928333607573705,1.1280410229810818
5,D->B,1787379707.3878477,52.08402450103313,292.9,4.908980323467883,5.8030906469665,1.1319860846857843
5,D->B,1787379707.7317567,52.42793349002022,293.1,4.91372032826496,5.813350922769994,1.148940941126713
5,D->B,1787379707.7648718,52.46104778803419,293.2,4.918238994394896,5.82337223318266,1.1485102719490954
5,D->B,1787379708.0451288,52.74130489700474,293.4,4.9225161361660215,5.833031949349632,1.1630132205665469
5,D->B,1787379708.274647,52.970822973002214,293.6,4.926962838651757,5.843419216020108,1.163353970529101
5,D->B,1787379708.5605383,53.25671453902032,293.8,4.931151987945559,5.853450514795154,1.179841178569787
5,D->B,1787379708.7862682,53.48244433203945,294.0,4.9350066064758735,5.862832836124397,1.1785715383418045
